13 0.723958 0.032407 0.054688 0.060185
13 0.522786 0.079861 0.053385 0.155093
13 0.222005 0.303241 0.371094 0.601852
13 0.673177 0.240741 0.085938 0.180556
13 0.835286 0.284722 0.100260 0.143519
13 0.909505 0.572917 0.147135 0.358796
13 0.354167 0.740741 0.283854 0.509259
13 0.781250 0.590278 0.127604 0.208333
13 0.838542 0.774306 0.088542 0.136574
13 0.156901 0.748843 0.042969 0.071759
13 0.099609 0.869213 0.196615 0.252315
13 0.555990 0.886574 0.083333 0.217593
13 0.847005 0.951389 0.050781 0.087963
