13 0.072917 0.090278 0.109375 0.175926
13 0.402344 0.045139 0.085938 0.085648
13 0.506510 0.047454 0.072917 0.090278
13 0.401042 0.175926 0.083333 0.217593
13 0.154948 0.309028 0.145833 0.289352
13 0.499349 0.189815 0.048177 0.087963
13 0.049479 0.222222 0.065104 0.101852
13 0.483724 0.297454 0.040365 0.104167
13 0.076172 0.660880 0.149740 0.668981
13 0.895182 0.432870 0.160156 0.185185
13 0.209635 0.428241 0.088542 0.115741
13 0.938151 0.550926 0.118490 0.175926
13 0.375000 0.660880 0.057292 0.076389
13 0.849609 0.733796 0.089844 0.097222
13 0.535156 0.768519 0.080729 0.166667
13 0.369141 0.898148 0.092448 0.194444
