28 0.406901 0.090278 0.141927 0.175926
28 0.586589 0.172454 0.154948 0.340278
28 0.678385 0.035880 0.072917 0.067130
28 0.785807 0.224537 0.204427 0.444444
28 0.964844 0.094907 0.057292 0.185185
28 0.644531 0.093750 0.062500 0.081019
28 0.438151 0.284722 0.154948 0.236111
28 0.973307 0.263889 0.040365 0.138889
28 0.828776 0.462963 0.095052 0.287037
28 0.927083 0.670139 0.132812 0.631944
28 0.441406 0.516204 0.263021 0.231481
28 0.630208 0.498843 0.106771 0.187500
28 0.211589 0.748843 0.227865 0.493056
28 0.419922 0.767361 0.139323 0.344907
28 0.711589 0.662037 0.058594 0.087963
28 0.769531 0.815972 0.054688 0.099537
28 0.828776 0.918981 0.082031 0.125000
28 0.354167 0.966435 0.052083 0.057870
