29 0.259115 0.086806 0.200521 0.168981
29 0.507812 0.037037 0.117188 0.069444
29 0.797526 0.288194 0.397135 0.571759
29 0.515625 0.065972 0.109375 0.099537
29 0.535156 0.185185 0.114583 0.185185
29 0.653646 0.611111 0.122396 0.236111
29 0.156901 0.865741 0.311198 0.254630
29 0.664062 0.877315 0.351562 0.231481
29 0.259115 0.086806 0.200521 0.168981
29 0.507812 0.037037 0.117188 0.069444
29 0.798177 0.288194 0.398438 0.571759
29 0.515625 0.065972 0.109375 0.099537
29 0.535156 0.185185 0.114583 0.185185
29 0.653646 0.611111 0.122396 0.236111
29 0.960938 0.718750 0.072917 0.150463
29 0.101562 0.866898 0.200521 0.256944
29 0.664062 0.878472 0.351562 0.233796
