13 0.039714 0.121528 0.076823 0.238426
13 0.501953 0.097222 0.180990 0.189815
13 0.334635 0.266204 0.171875 0.282407
13 0.463542 0.233796 0.046875 0.120370
13 0.138021 0.533565 0.169271 0.317130
13 0.766276 0.496528 0.118490 0.196759
13 0.311849 0.559028 0.152344 0.233796
13 0.824219 0.680556 0.179688 0.189815
13 0.629557 0.697917 0.076823 0.113426
13 0.042969 0.753472 0.083333 0.210648
13 0.513021 0.702546 0.070312 0.150463
13 0.169922 0.747685 0.183594 0.175926
13 0.280599 0.760417 0.048177 0.076389
13 0.888021 0.851852 0.153646 0.282407
13 0.729818 0.880787 0.097656 0.224537
13 0.111979 0.895833 0.177083 0.194444
