20 0.052734 0.052083 0.102865 0.099537
20 0.225260 0.101852 0.169271 0.199074
20 0.490234 0.024306 0.069010 0.043981
20 0.820312 0.065972 0.208333 0.127315
20 0.933594 0.119213 0.125000 0.233796
20 0.883464 0.148148 0.063802 0.083333
20 0.894531 0.296296 0.203125 0.217593
20 0.710938 0.369213 0.184896 0.344907
20 0.335286 0.406250 0.110677 0.219907
20 0.592448 0.598380 0.161458 0.432870
20 0.835286 0.700231 0.321615 0.571759
20 0.023438 0.513889 0.044271 0.180556
20 0.371745 0.768519 0.253906 0.425926
20 0.100911 0.785880 0.173177 0.414352
20 0.328776 0.964120 0.053385 0.057870
