13 0.154948 0.120370 0.052083 0.143519
13 0.324870 0.193287 0.196615 0.284722
13 0.098307 0.268519 0.102865 0.347222
13 0.860026 0.180556 0.061198 0.101852
13 0.912760 0.379630 0.088542 0.162037
13 0.727865 0.402778 0.059896 0.097222
13 0.966146 0.420139 0.062500 0.145833
13 0.798177 0.487269 0.109375 0.201389
13 0.423177 0.716435 0.257812 0.553241
13 0.960938 0.518519 0.033854 0.101852
13 0.870443 0.672454 0.074219 0.192130
13 0.115885 0.822917 0.080729 0.206019
13 0.984375 0.862269 0.026042 0.173611
13 0.576172 0.846065 0.097656 0.293981
13 0.898438 0.850694 0.059896 0.108796
13 0.177734 0.892361 0.110677 0.201389
13 0.056641 0.944444 0.110677 0.097222
13 0.903646 0.949074 0.088542 0.087963
