13 0.102214 0.047454 0.084635 0.090278
13 0.373698 0.075231 0.096354 0.145833
13 0.142578 0.180556 0.108073 0.203704
13 0.559245 0.162037 0.045573 0.115741
13 0.402995 0.181713 0.037760 0.164352
13 0.496745 0.310185 0.092448 0.259259
13 0.046224 0.381944 0.089844 0.356481
13 0.349609 0.429398 0.084635 0.159722
13 0.280599 0.494213 0.066406 0.173611
13 0.832031 0.575231 0.187500 0.340278
13 0.229818 0.641204 0.076823 0.143519
13 0.952474 0.670139 0.040365 0.099537
13 0.399089 0.680556 0.079427 0.185185
13 0.959635 0.825231 0.072917 0.206019
13 0.686849 0.824074 0.123698 0.171296
13 0.190104 0.812500 0.156250 0.231481
13 0.898438 0.781250 0.057292 0.090278
13 0.610026 0.803241 0.079427 0.138889
13 0.341797 0.843750 0.050781 0.113426
13 0.854818 0.886574 0.225260 0.217593
13 0.199870 0.920139 0.123698 0.150463
13 0.330078 0.959491 0.113281 0.071759
