13 0.443359 0.148148 0.220052 0.291667
13 0.146484 0.134259 0.087240 0.143519
13 0.041667 0.306713 0.080729 0.386574
13 0.301432 0.188657 0.053385 0.131944
13 0.480469 0.319444 0.072917 0.134259
13 0.326823 0.365741 0.145833 0.143519
13 0.769531 0.540509 0.153646 0.233796
13 0.257812 0.460648 0.054688 0.106481
13 0.330078 0.508102 0.048177 0.076389
13 0.218099 0.572917 0.055990 0.145833
13 0.386719 0.627315 0.091146 0.171296
13 0.841797 0.660880 0.199219 0.145833
13 0.219401 0.810185 0.266927 0.370370
13 0.678385 0.807870 0.291667 0.259259
13 0.957682 0.763889 0.055990 0.087963
13 0.940104 0.893519 0.114583 0.203704
13 0.127604 0.843750 0.065104 0.136574
13 0.703125 0.927083 0.117188 0.081019
13 0.094401 0.946759 0.066406 0.097222
13 0.782552 0.954861 0.049479 0.081019
