5 0.207222 0.044686 0.070000 0.084541
5 0.394444 0.051932 0.051111 0.099034
5 0.876667 0.044686 0.064444 0.084541
5 0.152222 0.132850 0.046667 0.144928
5 0.392222 0.315217 0.151111 0.480676
5 0.737778 0.359903 0.308889 0.555556
5 0.247778 0.172705 0.037778 0.094203
5 0.841667 0.195652 0.134444 0.120773
5 0.641667 0.231884 0.045556 0.091787
5 0.599444 0.239130 0.045556 0.072464
5 0.231667 0.317633 0.132222 0.224638
5 0.114444 0.287440 0.048889 0.096618
5 0.820556 0.317633 0.107778 0.079710
5 0.528889 0.362319 0.048889 0.120773
5 0.130000 0.367150 0.046667 0.067633
5 0.157222 0.473430 0.134444 0.077295
5 0.346667 0.734300 0.513333 0.521739
5 0.315000 0.589372 0.063333 0.149758
5 0.803889 0.683575 0.032222 0.096618
5 0.885556 0.713768 0.046667 0.113527
5 0.183889 0.897343 0.087778 0.195652
