28 0.464193 0.047454 0.134115 0.090278
28 0.658203 0.128472 0.147135 0.252315
28 0.796875 0.178241 0.117188 0.351852
28 0.910807 0.085648 0.118490 0.166667
28 0.104167 0.074074 0.062500 0.087963
28 0.505208 0.200231 0.169271 0.256944
28 0.891927 0.369213 0.098958 0.293981
28 0.485026 0.583333 0.235677 0.550926
28 0.688151 0.408565 0.113281 0.187500
28 0.111979 0.370370 0.049479 0.074074
28 0.246094 0.700231 0.296875 0.590278
28 0.977214 0.496528 0.040365 0.104167
28 0.016276 0.539352 0.029948 0.111111
28 0.634115 0.513889 0.049479 0.078704
28 0.758464 0.567130 0.082031 0.074074
28 0.889974 0.600694 0.055990 0.108796
28 0.687500 0.702546 0.046875 0.127315
28 0.835938 0.730324 0.052083 0.090278
28 0.961589 0.804398 0.071615 0.187500
28 0.876302 0.818287 0.111979 0.159722
28 0.734375 0.929398 0.080729 0.131944
28 0.477214 0.934028 0.066406 0.122685
28 0.018880 0.943287 0.035156 0.104167
28 0.336589 0.937500 0.089844 0.115741
