13 0.139323 0.053241 0.067708 0.101852
13 0.557292 0.063657 0.114583 0.122685
13 0.938802 0.042824 0.080729 0.081019
13 0.261068 0.163194 0.141927 0.187500
13 0.379557 0.157407 0.032552 0.097222
13 0.359375 0.211806 0.046875 0.108796
13 0.148438 0.343750 0.231771 0.409722
13 0.846354 0.273148 0.088542 0.106481
13 0.642578 0.293981 0.097656 0.203704
13 0.920573 0.577546 0.138021 0.395833
13 0.383464 0.534722 0.035156 0.087963
13 0.383464 0.734954 0.240885 0.516204
13 0.789062 0.584491 0.125000 0.164352
13 0.094401 0.849537 0.071615 0.199074
13 0.158203 0.910880 0.105469 0.164352
13 0.527995 0.843750 0.061198 0.182870
13 0.875651 0.957176 0.053385 0.071759
13 0.051432 0.929398 0.100260 0.127315
13 0.972005 0.959491 0.050781 0.067130
