20 0.046224 0.052083 0.089844 0.099537
20 0.228516 0.106481 0.199219 0.208333
20 0.652344 0.287037 0.515625 0.569444
20 0.927734 0.141204 0.136719 0.166667
20 0.322917 0.406250 0.138021 0.243056
20 0.957682 0.343750 0.076823 0.076389
20 0.585286 0.637731 0.157552 0.557870
20 0.832031 0.690972 0.328125 0.581019
20 0.028646 0.515046 0.054688 0.178241
20 0.380859 0.768519 0.274740 0.449074
20 0.098307 0.776620 0.170573 0.432870
20 0.575521 0.864583 0.049479 0.071759
20 0.549479 0.888889 0.059896 0.083333
