13 0.148438 0.152778 0.192708 0.300926
13 0.320312 0.083333 0.145833 0.162037
13 0.894531 0.163194 0.205729 0.321759
13 0.783203 0.193287 0.097656 0.145833
13 0.286458 0.243056 0.088542 0.171296
13 0.395833 0.333333 0.117188 0.231481
13 0.908854 0.290509 0.039062 0.150463
13 0.691406 0.557870 0.169271 0.425926
13 0.596354 0.660880 0.140625 0.210648
13 0.207682 0.680556 0.084635 0.180556
13 0.511719 0.644676 0.052083 0.155093
13 0.288411 0.695602 0.087240 0.131944
13 0.175130 0.851852 0.214844 0.287037
13 0.386068 0.862269 0.149740 0.266204
13 0.766276 0.928241 0.134115 0.134259
13 0.626953 0.946759 0.069010 0.097222
13 0.234375 0.957176 0.046875 0.076389
