13 0.085286 0.128472 0.167969 0.252315
13 0.402995 0.152778 0.152344 0.300926
13 0.050130 0.600694 0.097656 0.414352
13 0.888021 0.545139 0.218750 0.293981
13 0.703125 0.446759 0.088542 0.111111
13 0.758464 0.474537 0.061198 0.083333
13 0.447917 0.700231 0.057292 0.076389
13 0.460286 0.778935 0.089844 0.127315
13 0.824219 0.782407 0.057292 0.055556
13 0.777995 0.806713 0.066406 0.141204
13 0.044922 0.865741 0.087240 0.254630
13 0.708333 0.843750 0.114583 0.141204
13 0.297526 0.878472 0.045573 0.150463
