5 0.210556 0.041063 0.065556 0.077295
5 0.879444 0.043478 0.058889 0.082126
5 0.351111 0.131643 0.060000 0.123188
5 0.750000 0.336957 0.317778 0.601449
5 0.164444 0.130435 0.057778 0.135266
5 0.252222 0.183575 0.035556 0.106280
5 0.656111 0.228261 0.061111 0.161836
5 0.384444 0.334541 0.073333 0.253623
5 0.608889 0.228261 0.051111 0.079710
5 0.226111 0.294686 0.147778 0.289855
5 0.117222 0.268116 0.054444 0.077295
5 0.830556 0.307971 0.103333 0.060386
5 0.125556 0.359903 0.071111 0.072464
5 0.414444 0.492754 0.120000 0.125604
5 0.160556 0.483092 0.141111 0.082126
5 0.522778 0.533816 0.047778 0.135266
5 0.350556 0.750000 0.521111 0.485507
5 0.321111 0.597826 0.062222 0.176329
5 0.599444 0.820048 0.065556 0.070048
5 0.190000 0.893720 0.091111 0.198068
