5 0.135556 0.048309 0.068889 0.091787
5 0.326667 0.059179 0.102222 0.113527
5 0.691111 0.066425 0.100000 0.128019
5 0.847778 0.117150 0.122222 0.113527
5 0.706111 0.314010 0.276667 0.512077
5 0.590000 0.169082 0.053333 0.091787
5 0.355556 0.274155 0.071111 0.200483
5 0.196111 0.268116 0.134444 0.212560
5 0.439444 0.390097 0.038889 0.079710
5 0.834444 0.425121 0.108889 0.101449
5 0.376111 0.443237 0.107778 0.084541
5 0.498333 0.466184 0.045556 0.091787
5 0.171111 0.611111 0.162222 0.352657
5 0.292778 0.559179 0.081111 0.248792
5 0.508889 0.740338 0.171111 0.509662
5 0.796667 0.613527 0.031111 0.096618
5 0.880000 0.635266 0.040000 0.135266
5 0.347778 0.809179 0.160000 0.371981
5 0.145000 0.845411 0.078889 0.231884
5 0.231111 0.795894 0.068889 0.070048
5 0.116111 0.954106 0.050000 0.082126
5 0.560556 0.968599 0.072222 0.053140
