5 0.195000 0.037440 0.061111 0.070048
5 0.871111 0.037440 0.062222 0.070048
5 0.343333 0.147343 0.046667 0.159420
5 0.731667 0.344203 0.354444 0.567633
5 0.642778 0.257246 0.065556 0.205314
5 0.590000 0.240338 0.044444 0.099034
5 0.368889 0.363527 0.080000 0.234300
5 0.214444 0.328502 0.124444 0.183575
5 0.520000 0.384058 0.055556 0.183575
5 0.116111 0.361111 0.052222 0.070048
5 0.387222 0.513285 0.116667 0.084541
5 0.262778 0.750000 0.345556 0.490338
5 0.300000 0.589372 0.064444 0.169082
5 0.511667 0.777778 0.156667 0.434783
5 0.792222 0.669082 0.040000 0.106280
5 0.874444 0.687198 0.055556 0.132850
5 0.169444 0.892512 0.090000 0.205314
5 0.786667 0.853865 0.051111 0.079710
