1 0.074664 0.068452 0.145973 0.130952
1 0.338087 0.302083 0.343960 0.598214
1 0.507550 0.063988 0.166107 0.122024
1 0.547819 0.190476 0.068792 0.130952
1 0.022651 0.229167 0.041946 0.184524
1 0.229027 0.389881 0.062081 0.130952
1 0.125000 0.565476 0.139262 0.398810
1 0.020134 0.559524 0.036913 0.244048
1 0.958893 0.532738 0.072148 0.154762
1 0.276007 0.636905 0.182886 0.339286
1 0.473993 0.730655 0.223154 0.276786
1 0.936242 0.752976 0.090604 0.190476
1 0.328020 0.849702 0.135906 0.258929
1 0.794463 0.857143 0.122483 0.273810
1 0.651846 0.873512 0.075503 0.181548
1 0.594799 0.869048 0.072148 0.154762
1 0.828859 0.912202 0.060403 0.127976
1 0.478188 0.938988 0.184564 0.110119
