1 0.107383 0.144345 0.211409 0.282738
1 0.379195 0.297619 0.342282 0.589286
1 0.525168 0.081845 0.107383 0.157738
1 0.585570 0.212798 0.063758 0.127976
1 0.121644 0.273810 0.092282 0.130952
1 0.264262 0.377976 0.035235 0.107143
1 0.152685 0.577381 0.124161 0.345238
1 0.037752 0.556548 0.072148 0.333333
1 0.304530 0.613095 0.182886 0.297619
1 0.968121 0.589286 0.053691 0.154762
1 0.520134 0.729167 0.265101 0.244048
1 0.949664 0.809524 0.090604 0.184524
1 0.278523 0.767857 0.087248 0.065476
1 0.350671 0.822917 0.137584 0.312500
1 0.062081 0.915179 0.120805 0.157738
1 0.701342 0.885417 0.067114 0.139881
1 0.668624 0.886905 0.041946 0.113095
1 0.619966 0.915179 0.068792 0.127976
1 0.562081 0.955357 0.087248 0.077381
