13 0.154948 0.084491 0.065104 0.164352
13 0.312500 0.119213 0.210938 0.233796
13 0.856771 0.037037 0.044271 0.069444
13 0.936849 0.297454 0.121094 0.446759
13 0.126953 0.243056 0.147135 0.296296
13 0.275391 0.193287 0.040365 0.210648
13 0.858073 0.322917 0.111979 0.238426
13 0.242188 0.395833 0.080729 0.185185
13 0.473958 0.395833 0.075521 0.143519
13 0.351562 0.521991 0.041667 0.155093
13 0.490885 0.748843 0.304688 0.465278
13 0.899089 0.582176 0.055990 0.150463
13 0.276693 0.672454 0.035156 0.094907
13 0.632812 0.680556 0.096354 0.231481
13 0.126302 0.851852 0.197917 0.287037
13 0.675781 0.814815 0.130208 0.217593
13 0.290365 0.937500 0.169271 0.115741
13 0.681641 0.946759 0.074219 0.097222
