28 0.434245 0.059028 0.147135 0.113426
28 0.628906 0.142361 0.145833 0.280093
28 0.766927 0.187500 0.109375 0.370370
28 0.859375 0.105324 0.132812 0.206019
28 0.067057 0.100694 0.053385 0.085648
28 0.472656 0.225694 0.166667 0.224537
28 0.857422 0.398148 0.092448 0.287037
28 0.960286 0.445602 0.074219 0.363426
28 0.438802 0.607639 0.195312 0.553241
28 0.659505 0.429398 0.126302 0.201389
28 0.082682 0.390046 0.042969 0.094907
28 0.530599 0.430556 0.082031 0.148148
28 0.245443 0.712963 0.238281 0.564815
28 0.736979 0.592593 0.057292 0.074074
28 0.850260 0.626157 0.033854 0.113426
28 0.944661 0.809028 0.105469 0.233796
28 0.800781 0.765046 0.057292 0.071759
28 0.836589 0.855324 0.126302 0.136574
28 0.440755 0.943287 0.076823 0.104167
28 0.690755 0.939815 0.037760 0.111111
