28 0.333333 0.096065 0.143229 0.187500
28 0.478516 0.038194 0.079427 0.071759
28 0.611979 0.046296 0.065104 0.087963
28 0.745443 0.151620 0.147135 0.298611
28 0.906901 0.092593 0.110677 0.148148
28 0.664062 0.267361 0.104167 0.386574
28 0.527344 0.219907 0.143229 0.291667
28 0.932943 0.256944 0.097656 0.208333
28 0.370443 0.326389 0.162760 0.287037
28 0.759115 0.466435 0.096354 0.247685
28 0.893229 0.687500 0.208333 0.615741
28 0.326823 0.688657 0.190104 0.548611
28 0.973958 0.489583 0.046875 0.159722
28 0.580078 0.574074 0.167969 0.287037
28 0.440755 0.561343 0.105469 0.192130
28 0.133464 0.753472 0.222656 0.483796
28 0.710938 0.835648 0.083333 0.087963
28 0.754557 0.939815 0.084635 0.111111
