29 0.041667 0.098380 0.080729 0.192130
29 0.192708 0.424769 0.382812 0.844907
29 0.486979 0.035880 0.091146 0.067130
29 0.617188 0.103009 0.179688 0.201389
29 0.901042 0.385417 0.192708 0.766204
29 0.679036 0.151620 0.045573 0.159722
29 0.658854 0.449074 0.161458 0.314815
29 0.451172 0.456019 0.141927 0.236111
29 0.763021 0.678241 0.205729 0.240741
29 0.417318 0.762731 0.269531 0.465278
29 0.169922 0.959491 0.079427 0.071759
29 0.263021 0.956019 0.065104 0.078704
29 0.736328 0.844907 0.238281 0.300926
