13 0.129557 0.094907 0.076823 0.185185
13 0.240234 0.148148 0.084635 0.291667
13 0.400391 0.097222 0.180990 0.189815
13 0.942057 0.130787 0.110677 0.256944
13 0.846354 0.190972 0.088542 0.131944
13 0.088542 0.230324 0.067708 0.164352
13 0.199219 0.234954 0.148438 0.344907
13 0.924479 0.388889 0.145833 0.328704
13 0.395182 0.403935 0.089844 0.270833
13 0.345052 0.490741 0.046875 0.199074
13 0.574219 0.759259 0.455729 0.472222
13 0.642578 0.553241 0.089844 0.166667
13 0.170573 0.832176 0.273438 0.326389
13 0.361979 0.908565 0.106771 0.173611
13 0.611979 0.935185 0.125000 0.120370
