28 0.350260 0.100694 0.145833 0.196759
28 0.490885 0.041667 0.070312 0.078704
28 0.632812 0.049769 0.088542 0.094907
28 0.776693 0.140046 0.131510 0.275463
28 0.932292 0.053241 0.091146 0.101852
28 0.675781 0.261574 0.106771 0.384259
28 0.592448 0.111111 0.062500 0.087963
28 0.527344 0.174769 0.106771 0.155093
28 0.949219 0.251157 0.093750 0.210648
28 0.388021 0.299769 0.166667 0.233796
28 0.557292 0.293981 0.106771 0.134259
28 0.775391 0.481481 0.095052 0.287037
28 0.902995 0.675926 0.175781 0.606481
28 0.367839 0.516204 0.238281 0.199074
28 0.569661 0.510417 0.084635 0.131944
28 0.157552 0.751157 0.234375 0.488426
28 0.621745 0.640046 0.102865 0.141204
28 0.363932 0.769676 0.141927 0.344907
28 0.718099 0.831019 0.053385 0.087963
28 0.766927 0.934028 0.065104 0.122685
