13 0.089844 0.116898 0.177083 0.229167
13 0.507161 0.178241 0.233073 0.351852
13 0.645182 0.145833 0.042969 0.134259
13 0.935547 0.274306 0.123698 0.280093
13 0.162109 0.599537 0.321615 0.791667
13 0.833333 0.303241 0.117188 0.143519
13 0.785156 0.454861 0.059896 0.071759
13 0.915365 0.596065 0.164062 0.280093
13 0.481120 0.659722 0.100260 0.166667
13 0.220052 0.682870 0.072917 0.217593
13 0.663411 0.731481 0.089844 0.162037
13 0.660807 0.927083 0.084635 0.136574
13 0.548828 0.932870 0.113281 0.125000
