13 0.086589 0.158565 0.170573 0.312500
13 0.471354 0.041667 0.151042 0.078704
13 0.390625 0.153935 0.111979 0.229167
13 0.442057 0.218750 0.061198 0.113426
13 0.193359 0.383102 0.069010 0.131944
13 0.057943 0.413194 0.063802 0.108796
13 0.847656 0.465278 0.091146 0.129630
13 0.881510 0.731481 0.231771 0.490741
13 0.866536 0.577546 0.048177 0.113426
13 0.052083 0.762731 0.101562 0.460648
13 0.910807 0.596065 0.053385 0.094907
13 0.481771 0.756944 0.093750 0.222222
13 0.692057 0.842593 0.037760 0.111111
13 0.312500 0.916667 0.104167 0.152778
13 0.447917 0.943287 0.046875 0.099537
