5 0.352222 0.065217 0.075556 0.125604
5 0.696111 0.073671 0.085556 0.142512
5 0.244444 0.112319 0.051111 0.142512
5 0.552778 0.100242 0.050000 0.099034
5 0.849444 0.129227 0.118889 0.123188
5 0.732778 0.326087 0.314444 0.502415
5 0.643333 0.159420 0.044444 0.082126
5 0.603889 0.187198 0.052222 0.094203
5 0.218333 0.278986 0.130000 0.205314
5 0.120000 0.256039 0.060000 0.154589
5 0.363333 0.288647 0.091111 0.224638
5 0.853889 0.248792 0.052222 0.057971
5 0.432778 0.429952 0.063333 0.106280
5 0.854444 0.419082 0.091111 0.142512
5 0.511111 0.472222 0.051111 0.103865
5 0.280000 0.722222 0.380000 0.545894
5 0.374444 0.469807 0.068889 0.045894
5 0.306111 0.548309 0.065556 0.198068
5 0.537222 0.750000 0.172222 0.490338
5 0.807778 0.631643 0.035556 0.084541
5 0.162222 0.851449 0.113333 0.224638
5 0.800556 0.811594 0.034444 0.091787
5 0.138333 0.960145 0.045556 0.070048
