5 0.209444 0.067633 0.078889 0.130435
5 0.339444 0.028986 0.056667 0.053140
5 0.640556 0.041063 0.056667 0.077295
5 0.755556 0.049517 0.084444 0.094203
5 0.862778 0.048309 0.041111 0.091787
5 0.393889 0.061594 0.052222 0.070048
5 0.691111 0.404589 0.355556 0.577295
5 0.346667 0.200483 0.055556 0.125604
5 0.555000 0.237923 0.058889 0.103865
5 0.834444 0.251208 0.148889 0.154589
5 0.637778 0.278986 0.042222 0.084541
5 0.600000 0.288647 0.051111 0.079710
5 0.226111 0.371981 0.116667 0.202899
5 0.380000 0.409420 0.064444 0.200483
5 0.833889 0.547101 0.076667 0.099034
5 0.395000 0.576087 0.103333 0.084541
5 0.508333 0.588164 0.052222 0.099034
5 0.205000 0.763285 0.176667 0.381643
5 0.310000 0.641304 0.057778 0.157005
5 0.521667 0.795894 0.156667 0.292271
5 0.796667 0.743961 0.040000 0.101449
5 0.880556 0.747585 0.047778 0.147343
5 0.369444 0.850242 0.158889 0.193237
5 0.151111 0.898551 0.064444 0.082126
5 0.191667 0.939614 0.047778 0.111111
