13 0.105469 0.199074 0.208333 0.393519
13 0.363932 0.125000 0.165365 0.245370
13 0.611328 0.065972 0.058594 0.085648
13 0.561198 0.195602 0.033854 0.127315
13 0.023438 0.287037 0.044271 0.097222
13 0.483073 0.300926 0.072917 0.120370
13 0.043620 0.622685 0.084635 0.601852
13 0.833333 0.533565 0.145833 0.252315
13 0.920573 0.663194 0.151042 0.293981
13 0.439453 0.740741 0.095052 0.106481
13 0.977214 0.762731 0.037760 0.136574
13 0.265625 0.725694 0.059896 0.155093
13 0.740234 0.818287 0.082031 0.238426
13 0.639974 0.791667 0.069010 0.148148
13 0.395833 0.891204 0.088542 0.208333
13 0.242188 0.891204 0.179688 0.208333
13 0.882161 0.943287 0.089844 0.085648
13 0.065104 0.949074 0.052083 0.092593
