1 0.111577 0.110119 0.122483 0.214286
1 0.210570 0.034226 0.145973 0.062500
1 0.431208 0.061012 0.187919 0.116071
1 0.618289 0.087798 0.105705 0.169643
1 0.890101 0.163690 0.209732 0.321429
1 0.505872 0.311012 0.250000 0.562500
1 0.346477 0.129464 0.095638 0.199405
1 0.817114 0.529762 0.355705 0.708333
1 0.239094 0.412202 0.122483 0.211310
1 0.078859 0.479167 0.140940 0.315476
1 0.215604 0.575893 0.122483 0.223214
1 0.382550 0.544643 0.151007 0.226190
1 0.302852 0.668155 0.055369 0.145833
1 0.530201 0.741071 0.167785 0.238095
1 0.385906 0.834821 0.114094 0.247024
1 0.880034 0.860119 0.092282 0.142857
1 0.120805 0.849702 0.174497 0.199405
1 0.978188 0.904762 0.033557 0.178571
1 0.729027 0.930060 0.105705 0.127976
