29 0.126953 0.266204 0.251302 0.527778
29 0.248698 0.119213 0.138021 0.233796
29 0.494792 0.101852 0.179688 0.199074
29 0.732422 0.087963 0.131510 0.171296
29 0.602865 0.159722 0.085938 0.171296
29 0.811198 0.469907 0.369792 0.740741
29 0.488932 0.472222 0.217448 0.296296
29 0.181641 0.599537 0.207031 0.305556
29 0.498698 0.768519 0.247396 0.305556
29 0.080078 0.805556 0.157552 0.379630
29 0.569661 0.896991 0.087240 0.141204
29 0.878255 0.893519 0.235677 0.203704
29 0.525391 0.937500 0.063802 0.115741
