13 0.314453 0.039352 0.058594 0.074074
13 0.401693 0.092593 0.087240 0.180556
13 0.149740 0.081019 0.088542 0.138889
13 0.044271 0.223380 0.085938 0.409722
13 0.508464 0.158565 0.147135 0.187500
13 0.304036 0.162037 0.066406 0.106481
13 0.489583 0.339120 0.096354 0.127315
13 0.330078 0.356481 0.170573 0.189815
13 0.244141 0.406250 0.045573 0.122685
13 0.820312 0.585648 0.242188 0.398148
13 0.203776 0.501157 0.066406 0.159722
13 0.354818 0.586806 0.126302 0.219907
13 0.539714 0.634259 0.050781 0.083333
13 0.143880 0.684028 0.141927 0.224537
13 0.173177 0.825231 0.343750 0.340278
13 0.629557 0.768519 0.230469 0.226852
13 0.916667 0.861111 0.158854 0.268519
13 0.761068 0.954861 0.053385 0.081019
