1 0.414430 0.040179 0.100671 0.074405
1 0.635906 0.084821 0.104027 0.163690
1 0.832215 0.418155 0.325503 0.830357
1 0.513423 0.305060 0.261745 0.574405
1 0.121644 0.119048 0.135906 0.184524
1 0.074664 0.477679 0.145973 0.282738
1 0.237416 0.550595 0.098993 0.255952
1 0.396812 0.586310 0.156040 0.273810
1 0.322148 0.659226 0.087248 0.139881
1 0.537752 0.741071 0.169463 0.238095
1 0.393456 0.812500 0.152685 0.279762
1 0.116611 0.880952 0.129195 0.220238
1 0.874161 0.952381 0.080537 0.077381
1 0.720638 0.931548 0.135906 0.119048
