5 0.210556 0.042271 0.074444 0.079710
5 0.697778 0.146135 0.113333 0.137681
5 0.361667 0.144928 0.061111 0.101449
5 0.746111 0.378019 0.325556 0.524155
5 0.115000 0.266908 0.050000 0.060386
5 0.381667 0.350242 0.074444 0.188406
5 0.215000 0.362319 0.138889 0.173913
5 0.851667 0.502415 0.083333 0.111111
5 0.400000 0.522947 0.100000 0.084541
5 0.528333 0.555556 0.034444 0.140097
5 0.200000 0.706522 0.191111 0.384058
5 0.316111 0.590580 0.065556 0.152174
5 0.528889 0.770531 0.155556 0.347826
5 0.372222 0.793478 0.160000 0.205314
5 0.191667 0.892512 0.096667 0.205314
5 0.407778 0.946860 0.066667 0.096618
5 0.516667 0.956522 0.060000 0.077295
