13 0.052734 0.067130 0.097656 0.129630
13 0.480469 0.116898 0.132812 0.229167
13 0.580078 0.046296 0.045573 0.087963
13 0.317708 0.115741 0.111979 0.157407
13 0.371745 0.248843 0.071615 0.090278
13 0.351562 0.336806 0.044271 0.104167
13 0.198568 0.312500 0.074219 0.125000
13 0.130208 0.429398 0.135417 0.196759
13 0.733073 0.417824 0.127604 0.192130
13 0.344401 0.438657 0.069010 0.159722
13 0.150391 0.651620 0.292969 0.511574
13 0.823568 0.729167 0.246094 0.453704
13 0.572266 0.700231 0.175781 0.247685
13 0.708984 0.869213 0.087240 0.252315
13 0.047526 0.901620 0.087240 0.141204
