28 0.477214 0.038194 0.074219 0.071759
28 0.579427 0.063657 0.075521 0.122685
28 0.699219 0.123843 0.098958 0.243056
28 0.963542 0.076389 0.065104 0.148148
28 0.305990 0.155093 0.145833 0.208333
28 0.487630 0.256944 0.154948 0.337963
28 0.878255 0.126157 0.074219 0.085648
28 0.630859 0.223380 0.061198 0.182870
28 0.746745 0.270833 0.079427 0.097222
28 0.888021 0.241898 0.046875 0.067130
28 0.903646 0.343750 0.098958 0.150463
28 0.336589 0.368056 0.154948 0.226852
28 0.625651 0.335648 0.069010 0.083333
28 0.640625 0.435185 0.083333 0.166667
28 0.729167 0.541667 0.093750 0.287037
28 0.573568 0.516204 0.079427 0.101852
28 0.897786 0.581019 0.128906 0.171296
28 0.281250 0.567130 0.130208 0.180556
28 0.401042 0.591435 0.083333 0.173611
28 0.532552 0.574074 0.046875 0.134259
28 0.110026 0.782407 0.217448 0.425926
28 0.866536 0.740741 0.147135 0.328704
28 0.548828 0.653935 0.048177 0.067130
28 0.317057 0.789352 0.134115 0.236111
28 0.606771 0.732639 0.057292 0.067130
28 0.361328 0.924769 0.053385 0.141204
28 0.681641 0.900463 0.082031 0.092593
28 0.824219 0.937500 0.080729 0.115741
28 0.727214 0.965278 0.066406 0.060185
