13 0.154297 0.049769 0.053385 0.094907
13 0.580729 0.082176 0.242188 0.159722
13 0.974609 0.098380 0.042969 0.192130
13 0.232422 0.246528 0.084635 0.270833
13 0.087240 0.349537 0.119792 0.481481
13 0.345052 0.293981 0.130208 0.282407
13 0.820964 0.359954 0.102865 0.159722
13 0.152995 0.568287 0.042969 0.192130
13 0.881510 0.583333 0.132812 0.291667
13 0.330729 0.763889 0.294271 0.462963
13 0.767578 0.673611 0.110677 0.217593
13 0.042969 0.856481 0.083333 0.185185
13 0.024740 0.958333 0.046875 0.074074
