13 0.561849 0.090278 0.238281 0.175926
13 0.891927 0.054398 0.101562 0.104167
13 0.108724 0.354167 0.214844 0.490741
13 0.739583 0.171296 0.067708 0.143519
13 0.476562 0.174769 0.059896 0.136574
13 0.274089 0.332176 0.113281 0.293981
13 0.337891 0.244213 0.042969 0.090278
13 0.886719 0.267361 0.065104 0.104167
13 0.197266 0.403935 0.029948 0.168981
13 0.981771 0.375000 0.031250 0.101852
13 0.792969 0.509259 0.083333 0.111111
13 0.613932 0.633102 0.066406 0.159722
13 0.264974 0.664352 0.157552 0.282407
13 0.821615 0.809028 0.138021 0.368056
13 0.654297 0.675926 0.055990 0.111111
13 0.718099 0.782407 0.087240 0.157407
13 0.267578 0.868056 0.240885 0.250000
13 0.392578 0.864583 0.055990 0.159722
13 0.048177 0.912037 0.093750 0.162037
13 0.640625 0.892361 0.072917 0.136574
