0 0.268456 0.093750 0.134228 0.181548
0 0.497483 0.300595 0.323826 0.595238
0 0.651846 0.090774 0.105705 0.175595
0 0.829698 0.498512 0.330537 0.991071
0 0.136745 0.104167 0.135906 0.190476
0 0.248322 0.186012 0.077181 0.104167
0 0.695470 0.257440 0.065436 0.133929
0 0.807047 0.339286 0.083893 0.208333
0 0.374161 0.325893 0.050336 0.110119
0 0.086409 0.455357 0.169463 0.309524
0 0.234899 0.505952 0.127517 0.339286
0 0.387584 0.586310 0.194631 0.279762
0 0.560403 0.747024 0.151007 0.250000
0 0.406040 0.827381 0.114094 0.250000
0 0.137584 0.830357 0.177852 0.148810
0 0.022651 0.915179 0.041946 0.157738
0 0.728188 0.947917 0.137584 0.092262
0 0.614094 0.961310 0.060403 0.065476
