0 0.162752 0.133929 0.161074 0.261905
0 0.408557 0.296131 0.333893 0.586310
0 0.562081 0.081845 0.117450 0.157738
0 0.059564 0.150298 0.115772 0.235119
0 0.618289 0.227679 0.072148 0.133929
0 0.285235 0.355655 0.040268 0.098214
0 0.052013 0.523810 0.100671 0.297619
0 0.169463 0.532738 0.127517 0.380952
0 0.314597 0.623512 0.209732 0.330357
0 0.546980 0.750000 0.251678 0.297619
0 0.354866 0.851190 0.112416 0.261905
0 0.966443 0.833333 0.060403 0.196429
0 0.069631 0.898810 0.135906 0.190476
0 0.686242 0.915179 0.140940 0.157738
0 0.677852 0.933036 0.057047 0.080357
0 0.584732 0.909226 0.092282 0.169643
