0 0.093121 0.162202 0.182886 0.318452
0 0.352349 0.296131 0.342282 0.586310
0 0.520134 0.068452 0.147651 0.130952
0 0.968960 0.123512 0.052013 0.151786
0 0.114094 0.238095 0.040268 0.113095
0 0.114094 0.309524 0.070470 0.071429
0 0.239094 0.354167 0.075503 0.113095
0 0.121644 0.550595 0.166107 0.422619
0 0.032718 0.587798 0.062081 0.294643
0 0.395973 0.730655 0.406040 0.526786
0 0.959732 0.563988 0.070470 0.145833
0 0.939597 0.784226 0.100671 0.199405
0 0.635906 0.889881 0.184564 0.184524
0 0.057047 0.924107 0.110738 0.139881
0 0.489094 0.952381 0.196309 0.083333
