0 0.209444 0.065217 0.092222 0.125604
0 0.746667 0.044686 0.084444 0.084541
0 0.870556 0.057971 0.072222 0.111111
0 0.401111 0.095411 0.046667 0.094203
0 0.355556 0.189614 0.080000 0.137681
0 0.727778 0.404589 0.362222 0.567633
0 0.542778 0.201691 0.047778 0.108696
0 0.242778 0.286232 0.063333 0.142512
0 0.590000 0.299517 0.053333 0.115942
0 0.393333 0.461353 0.124444 0.309179
0 0.217222 0.411836 0.125556 0.157005
0 0.832778 0.545894 0.087778 0.115942
0 0.138333 0.543478 0.096667 0.082126
0 0.501667 0.602657 0.052222 0.137681
0 0.341667 0.782609 0.503333 0.425121
0 0.316667 0.660628 0.088889 0.185990
0 0.788889 0.724638 0.037778 0.096618
0 0.878333 0.733092 0.043333 0.123188
0 0.174444 0.923913 0.086667 0.142512
0 0.401111 0.969807 0.071111 0.050725
