0 0.418333 0.037440 0.043333 0.070048
0 0.362222 0.095411 0.073333 0.142512
0 0.716111 0.097826 0.067778 0.171498
0 0.171111 0.088164 0.051111 0.118357
0 0.260000 0.142512 0.042222 0.096618
0 0.745000 0.349034 0.327778 0.524155
0 0.653889 0.195652 0.045556 0.082126
0 0.226111 0.276570 0.163333 0.277778
0 0.612778 0.224638 0.047778 0.096618
0 0.126667 0.287440 0.073333 0.173913
0 0.388889 0.336957 0.115556 0.248792
0 0.490556 0.286232 0.047778 0.089372
0 0.837778 0.283816 0.104444 0.060386
0 0.551111 0.402174 0.042222 0.108696
0 0.453889 0.479469 0.194444 0.152174
0 0.158333 0.444444 0.125556 0.062802
0 0.296111 0.737923 0.378889 0.514493
0 0.326111 0.583333 0.061111 0.200483
0 0.539444 0.764493 0.158889 0.461353
0 0.817222 0.659420 0.034444 0.101449
0 0.606111 0.791063 0.063333 0.074879
0 0.171667 0.809179 0.045556 0.082126
0 0.810556 0.849034 0.043333 0.074879
0 0.202222 0.896135 0.068889 0.198068
