0 0.199444 0.057971 0.063333 0.111111
0 0.391111 0.067633 0.055556 0.130435
0 0.751111 0.037440 0.086667 0.070048
0 0.860000 0.039855 0.042222 0.074879
0 0.355556 0.159420 0.086667 0.164251
0 0.741667 0.386473 0.334444 0.565217
0 0.533889 0.188406 0.072222 0.111111
0 0.644444 0.240338 0.064444 0.132850
0 0.241667 0.233092 0.041111 0.079710
0 0.596667 0.274155 0.051111 0.108696
0 0.211111 0.363527 0.133333 0.234300
0 0.372222 0.344203 0.044444 0.113527
0 0.839444 0.339372 0.052222 0.060386
0 0.458889 0.368357 0.037778 0.089372
0 0.521111 0.426329 0.048889 0.185990
0 0.403333 0.513285 0.126667 0.157005
0 0.115556 0.522947 0.051111 0.079710
0 0.288889 0.771739 0.357778 0.446860
0 0.513889 0.584541 0.041111 0.140097
0 0.308333 0.618357 0.063333 0.154589
0 0.521111 0.807971 0.157778 0.374396
0 0.793333 0.710145 0.037778 0.096618
0 0.883889 0.728261 0.050000 0.142512
0 0.783333 0.890097 0.037778 0.079710
0 0.186667 0.919082 0.068889 0.152174
