0 0.215000 0.059179 0.081111 0.113527
0 0.401111 0.066425 0.064444 0.128019
0 0.643333 0.035024 0.057778 0.065217
0 0.758333 0.042271 0.085556 0.079710
0 0.869444 0.043478 0.043333 0.082126
0 0.708333 0.183575 0.085556 0.140097
0 0.356111 0.157005 0.050000 0.154589
0 0.837778 0.217391 0.142222 0.120773
0 0.732222 0.429952 0.291111 0.497585
0 0.645000 0.263285 0.043333 0.082126
0 0.601111 0.274155 0.046667 0.074879
0 0.382778 0.392512 0.058889 0.200483
0 0.233333 0.391304 0.124444 0.149758
0 0.550000 0.454106 0.026667 0.115942
0 0.846667 0.532609 0.088889 0.099034
0 0.407222 0.559179 0.114444 0.084541
0 0.520000 0.608696 0.051111 0.106280
0 0.273333 0.746377 0.366667 0.381643
0 0.320556 0.630435 0.063333 0.149758
0 0.530000 0.760870 0.157778 0.314010
0 0.189444 0.915459 0.087778 0.159420
0 0.417222 0.964976 0.078889 0.060386
0 0.517222 0.968599 0.056667 0.053140
0 0.215000 0.059179 0.081111 0.113527
0 0.401111 0.066425 0.064444 0.128019
0 0.643333 0.035024 0.057778 0.065217
0 0.758333 0.042271 0.085556 0.079710
0 0.869444 0.043478 0.043333 0.082126
0 0.708333 0.183575 0.085556 0.140097
0 0.356111 0.157005 0.050000 0.154589
0 0.837778 0.217391 0.142222 0.120773
0 0.732222 0.429952 0.291111 0.497585
0 0.645000 0.263285 0.043333 0.082126
0 0.601111 0.274155 0.046667 0.074879
0 0.382778 0.392512 0.058889 0.200483
0 0.233333 0.391304 0.124444 0.149758
0 0.550000 0.454106 0.026667 0.115942
0 0.846667 0.532609 0.088889 0.099034
0 0.407222 0.559179 0.114444 0.084541
0 0.520000 0.608696 0.051111 0.106280
0 0.273333 0.746377 0.366667 0.381643
0 0.320556 0.630435 0.063333 0.149758
0 0.530000 0.760870 0.157778 0.314010
0 0.189444 0.915459 0.087778 0.159420
0 0.417222 0.964976 0.078889 0.060386
0 0.517222 0.968599 0.056667 0.053140
