0 0.742222 0.297101 0.333333 0.589372
0 0.352778 0.073671 0.090000 0.142512
0 0.148333 0.067633 0.072222 0.106280
0 0.212222 0.236715 0.142222 0.328502
0 0.546667 0.102657 0.044444 0.084541
0 0.637778 0.178744 0.044444 0.082126
0 0.589444 0.194444 0.056667 0.099034
0 0.365000 0.301932 0.076667 0.227053
0 0.834444 0.251208 0.091111 0.077295
0 0.114444 0.309179 0.048889 0.072464
0 0.531667 0.369565 0.043333 0.130435
0 0.395556 0.451691 0.124444 0.120773
0 0.846667 0.437198 0.095556 0.144928
0 0.143333 0.427536 0.106667 0.067633
0 0.509444 0.503623 0.050000 0.142512
0 0.346111 0.728261 0.512222 0.533816
0 0.299444 0.557971 0.067778 0.188406
0 0.803333 0.636473 0.046667 0.099034
0 0.886111 0.663043 0.045556 0.123188
0 0.590556 0.777778 0.054444 0.057971
0 0.158333 0.867150 0.078889 0.231884
0 0.438889 0.945652 0.044444 0.099034
