0 0.213889 0.059179 0.078889 0.113527
0 0.405000 0.068841 0.074444 0.132850
0 0.651667 0.048309 0.078889 0.091787
0 0.763889 0.043478 0.070000 0.082126
0 0.866667 0.043478 0.044444 0.082126
0 0.705000 0.177536 0.085556 0.157005
0 0.351111 0.196860 0.051111 0.132850
0 0.836111 0.218599 0.145556 0.132850
0 0.724444 0.429952 0.297778 0.497585
0 0.653333 0.316425 0.068889 0.188406
0 0.377778 0.393720 0.066667 0.198068
0 0.228333 0.407005 0.121111 0.176329
0 0.413333 0.539855 0.131111 0.128019
0 0.842222 0.536232 0.080000 0.096618
0 0.521111 0.576087 0.040000 0.103865
0 0.202222 0.733092 0.166667 0.355072
0 0.316667 0.630435 0.062222 0.154589
0 0.527778 0.798309 0.155556 0.369565
0 0.372778 0.835749 0.158889 0.198068
0 0.186111 0.916667 0.085556 0.157005
0 0.417222 0.964976 0.085556 0.060386
