0 0.201111 0.039855 0.062222 0.074879
0 0.876111 0.038647 0.065556 0.072464
0 0.362778 0.125604 0.076667 0.101449
0 0.742778 0.352657 0.332222 0.565217
0 0.647778 0.218599 0.066667 0.099034
0 0.600556 0.225845 0.050000 0.084541
0 0.224444 0.315217 0.128889 0.219807
0 0.368333 0.336957 0.065556 0.166667
0 0.536111 0.358696 0.078889 0.137681
0 0.467778 0.467391 0.051111 0.070048
0 0.391667 0.513285 0.105556 0.079710
0 0.206667 0.700483 0.157778 0.381643
0 0.306667 0.586957 0.064444 0.149758
0 0.528333 0.781401 0.176667 0.427536
0 0.798333 0.678744 0.038889 0.096618
0 0.882778 0.701691 0.041111 0.142512
0 0.361667 0.793478 0.156667 0.190821
0 0.175556 0.896135 0.086667 0.198068
0 0.378889 0.943237 0.104444 0.103865
