0 0.209444 0.044686 0.072222 0.084541
0 0.400556 0.053140 0.054444 0.101449
0 0.878333 0.045894 0.061111 0.086957
0 0.354444 0.140097 0.051111 0.120773
0 0.783333 0.170290 0.251111 0.171498
0 0.165000 0.132850 0.058889 0.144928
0 0.646111 0.227053 0.045556 0.082126
0 0.412778 0.248792 0.063333 0.144928
0 0.607222 0.243961 0.050000 0.086957
0 0.236667 0.317633 0.133333 0.224638
0 0.382778 0.363527 0.076667 0.210145
0 0.487778 0.299517 0.046667 0.082126
0 0.116667 0.287440 0.053333 0.101449
0 0.708333 0.431159 0.256667 0.413043
0 0.825556 0.309179 0.106667 0.067633
0 0.125556 0.368357 0.071111 0.070048
0 0.410556 0.502415 0.123333 0.115942
0 0.850556 0.492754 0.087778 0.159420
0 0.158333 0.479469 0.112222 0.065217
0 0.520000 0.533816 0.051111 0.101449
0 0.362222 0.754831 0.497778 0.480676
0 0.318889 0.588164 0.062222 0.152174
0 0.805556 0.689614 0.035556 0.108696
0 0.884444 0.733092 0.042222 0.079710
0 0.184444 0.897343 0.082222 0.195652
