0 0.195556 0.039855 0.062222 0.074879
0 0.872222 0.037440 0.066667 0.070048
0 0.348333 0.143720 0.070000 0.152174
0 0.732778 0.344203 0.352222 0.572464
0 0.643333 0.246377 0.064444 0.193237
0 0.588889 0.221014 0.060000 0.079710
0 0.366667 0.364734 0.073333 0.231884
0 0.215000 0.344203 0.127778 0.152174
0 0.520556 0.378019 0.054444 0.171498
0 0.116111 0.363527 0.052222 0.065217
0 0.394444 0.497585 0.122222 0.120773
0 0.184444 0.687198 0.166667 0.359903
0 0.301111 0.582126 0.064444 0.149758
0 0.523889 0.777778 0.178889 0.429952
0 0.793889 0.675121 0.036667 0.094203
0 0.876667 0.687198 0.051111 0.132850
0 0.356667 0.839372 0.157778 0.306763
0 0.178333 0.904589 0.067778 0.176329
