0 0.207222 0.038647 0.070000 0.072464
0 0.880556 0.041063 0.056667 0.077295
0 0.343333 0.126812 0.075556 0.200483
0 0.165000 0.112319 0.056667 0.108696
0 0.746667 0.332126 0.324444 0.601449
0 0.260556 0.176329 0.045556 0.120773
0 0.657778 0.250000 0.060000 0.166667
0 0.610000 0.235507 0.051111 0.108696
0 0.238333 0.309179 0.132222 0.227053
0 0.117222 0.258454 0.054444 0.072464
0 0.386111 0.351449 0.072222 0.210145
0 0.828889 0.304348 0.108889 0.072464
0 0.138333 0.355072 0.052222 0.067633
0 0.415000 0.483092 0.121111 0.120773
0 0.850556 0.495169 0.074444 0.120773
0 0.161111 0.468599 0.142222 0.091787
0 0.526111 0.543478 0.047778 0.144928
0 0.371667 0.748792 0.521111 0.492754
0 0.322222 0.574879 0.064444 0.149758
0 0.809444 0.687198 0.032222 0.108696
0 0.887778 0.727053 0.042222 0.082126
