0 0.206111 0.037440 0.063333 0.070048
0 0.878333 0.032609 0.061111 0.060386
0 0.350556 0.138889 0.052222 0.089372
0 0.713889 0.138889 0.072222 0.123188
0 0.153889 0.123188 0.045556 0.135266
0 0.821111 0.166667 0.175556 0.125604
0 0.643889 0.217391 0.047778 0.091787
0 0.603333 0.239130 0.051111 0.096618
0 0.226111 0.298309 0.121111 0.210145
0 0.380000 0.340580 0.073333 0.198068
0 0.738889 0.419082 0.311111 0.417874
0 0.404444 0.504831 0.113333 0.082126
0 0.516111 0.525362 0.054444 0.113527
0 0.283889 0.689614 0.336667 0.379227
0 0.315000 0.573671 0.063333 0.152174
0 0.526111 0.733092 0.161111 0.350242
0 0.178333 0.888889 0.078889 0.207729
0 0.386111 0.937198 0.107778 0.111111
0 0.517222 0.945652 0.063333 0.094203
