0 0.893229 0.108796 0.156250 0.212963
0 0.078125 0.306713 0.153646 0.608796
0 0.536458 0.142361 0.143229 0.280093
0 0.160807 0.184028 0.027344 0.141204
0 0.309245 0.377315 0.173177 0.462963
0 0.660807 0.418981 0.053385 0.106481
0 0.968099 0.430556 0.058594 0.097222
0 0.778646 0.579861 0.044271 0.085648
0 0.255859 0.789352 0.287760 0.407407
0 0.607422 0.707176 0.082031 0.085648
0 0.282552 0.748843 0.031250 0.141204
0 0.809245 0.797454 0.102865 0.215278
0 0.671875 0.828704 0.122396 0.231481
0 0.034505 0.893519 0.066406 0.199074
