0 0.081380 0.072917 0.105469 0.141204
0 0.468099 0.068287 0.162760 0.131944
0 0.631510 0.047454 0.065104 0.090278
0 0.426432 0.215278 0.147135 0.250000
0 0.039714 0.254630 0.042969 0.074074
0 0.213542 0.248843 0.057292 0.108796
0 0.147135 0.321759 0.119792 0.259259
0 0.081380 0.636574 0.160156 0.717593
0 0.899089 0.429398 0.097656 0.219907
0 0.190104 0.425926 0.098958 0.101852
0 0.945964 0.550926 0.100260 0.138889
0 0.819661 0.769676 0.188802 0.219907
0 0.969401 0.769676 0.053385 0.229167
0 0.725911 0.722222 0.061198 0.111111
0 0.560547 0.820602 0.066406 0.113426
0 0.413411 0.939815 0.157552 0.111111
0 0.529297 0.959491 0.069010 0.071759
