0 0.322266 0.043981 0.074219 0.083333
0 0.425781 0.033565 0.049479 0.062500
0 0.514323 0.121528 0.166667 0.238426
0 0.044922 0.118056 0.087240 0.208333
0 0.291016 0.218750 0.214844 0.243056
0 0.213542 0.530093 0.424479 0.615741
0 0.647135 0.322917 0.065104 0.057870
0 0.697917 0.570602 0.432292 0.474537
0 0.232422 0.421296 0.074219 0.203704
0 0.559896 0.425926 0.044271 0.074074
0 0.497396 0.603009 0.104167 0.136574
0 0.906250 0.768519 0.041667 0.078704
0 0.746745 0.896991 0.180990 0.196759
0 0.117188 0.905093 0.231771 0.180556
0 0.634766 0.850694 0.082031 0.071759
0 0.897135 0.916667 0.125000 0.157407
