0 0.145182 0.052083 0.037760 0.099537
0 0.746094 0.045139 0.078125 0.085648
0 0.979818 0.064815 0.032552 0.125000
0 0.106771 0.203704 0.117188 0.194444
0 0.247396 0.195602 0.166667 0.145833
0 0.063151 0.346065 0.087240 0.210648
0 0.350260 0.331019 0.041667 0.115741
0 0.854818 0.335648 0.053385 0.157407
0 0.369141 0.392361 0.053385 0.113426
0 0.145833 0.482639 0.096354 0.168981
0 0.679036 0.570602 0.100260 0.256944
0 0.903646 0.572917 0.085938 0.122685
0 0.410156 0.737269 0.330729 0.511574
0 0.759115 0.630787 0.119792 0.201389
0 0.399740 0.649306 0.091146 0.187500
0 0.889323 0.724537 0.059896 0.087963
0 0.903646 0.767361 0.046875 0.076389
0 0.849609 0.796296 0.069010 0.111111
0 0.075521 0.842593 0.101562 0.189815
0 0.134766 0.894676 0.071615 0.196759
0 0.955729 0.931713 0.067708 0.122685
0 0.032552 0.956019 0.062500 0.074074
0 0.775391 0.957176 0.061198 0.071759
