0 0.606771 0.081019 0.320312 0.157407
0 0.944661 0.151620 0.105469 0.298611
0 0.117188 0.056713 0.033854 0.108796
0 0.477865 0.131944 0.033854 0.097222
0 0.081380 0.275463 0.144531 0.347222
0 0.287760 0.292824 0.234375 0.349537
0 0.659505 0.293981 0.053385 0.120370
0 0.230469 0.356481 0.046875 0.129630
0 0.813151 0.424769 0.102865 0.164352
0 0.733724 0.424769 0.035156 0.085648
0 0.150391 0.495370 0.082031 0.157407
0 0.658203 0.520833 0.037760 0.134259
0 0.322266 0.738426 0.277344 0.513889
0 0.808594 0.717593 0.268229 0.388889
0 0.203125 0.625000 0.041667 0.157407
0 0.696615 0.577546 0.059896 0.145833
0 0.373047 0.670139 0.105469 0.201389
0 0.630859 0.687500 0.032552 0.111111
0 0.662109 0.807870 0.037760 0.129630
0 0.173828 0.805556 0.048177 0.111111
0 0.075521 0.884259 0.148438 0.222222
0 0.522135 0.918981 0.096354 0.152778
