0 0.281250 0.100694 0.179688 0.196759
0 0.679688 0.135417 0.065104 0.266204
0 0.153646 0.288194 0.156250 0.571759
0 0.858724 0.064815 0.063802 0.125000
0 0.379557 0.173611 0.058594 0.199074
0 0.870443 0.350694 0.251302 0.553241
0 0.290365 0.266204 0.072917 0.152778
0 0.718750 0.376157 0.054688 0.108796
0 0.414714 0.495370 0.069010 0.101852
0 0.412109 0.663194 0.295573 0.530093
0 0.944010 0.651620 0.104167 0.127315
0 0.194661 0.829861 0.165365 0.243056
0 0.658854 0.873843 0.135417 0.243056
0 0.109375 0.923611 0.216146 0.143519
0 0.539062 0.924769 0.111979 0.141204
0 0.302083 0.959491 0.049479 0.071759
