0 0.144531 0.059028 0.096354 0.113426
0 0.408854 0.178241 0.236979 0.351852
0 0.035156 0.195602 0.067708 0.386574
0 0.557292 0.107639 0.054688 0.127315
0 0.326172 0.341435 0.178385 0.293981
0 0.762370 0.570602 0.071615 0.303241
0 0.203776 0.483796 0.061198 0.148148
0 0.337891 0.594907 0.105469 0.208333
0 0.533854 0.603009 0.052083 0.104167
0 0.143880 0.644676 0.134115 0.215278
0 0.869141 0.689815 0.126302 0.194444
0 0.167969 0.809028 0.333333 0.372685
0 0.634766 0.821759 0.170573 0.231481
0 0.938802 0.858796 0.114583 0.259259
0 0.554036 0.765046 0.053385 0.085648
0 0.763021 0.859954 0.145833 0.270833
0 0.841797 0.810185 0.055990 0.064815
0 0.850260 0.954861 0.057292 0.081019
