0 0.085286 0.054398 0.167969 0.104167
0 0.332031 0.057870 0.098958 0.111111
0 0.558594 0.222222 0.377604 0.439815
0 0.355469 0.206019 0.036458 0.097222
0 0.717448 0.199074 0.041667 0.111111
0 0.802734 0.208333 0.032552 0.097222
0 0.391276 0.210648 0.055990 0.106481
0 0.713542 0.334491 0.122396 0.196759
0 0.649740 0.493056 0.065104 0.148148
0 0.376302 0.471065 0.036458 0.108796
0 0.235677 0.473380 0.054688 0.155093
0 0.388021 0.555556 0.216146 0.250000
0 0.608724 0.575231 0.058594 0.136574
0 0.182292 0.686343 0.117188 0.243056
0 0.783854 0.634259 0.033854 0.115741
0 0.324219 0.769676 0.166667 0.298611
0 0.216797 0.858796 0.102865 0.268519
0 0.279948 0.932870 0.067708 0.120370
