0 0.462891 0.041667 0.110677 0.078704
0 0.947917 0.096065 0.098958 0.187500
0 0.524740 0.164352 0.156250 0.222222
0 0.067708 0.175926 0.132812 0.189815
0 0.876302 0.208333 0.111979 0.259259
0 0.271484 0.421296 0.196615 0.407407
0 0.044271 0.409722 0.085938 0.356481
0 0.980469 0.451389 0.033854 0.189815
0 0.835938 0.503472 0.044271 0.099537
0 0.179036 0.651620 0.113281 0.136574
0 0.717448 0.657407 0.080729 0.180556
0 0.102865 0.697917 0.041667 0.118056
0 0.180990 0.832176 0.294271 0.321759
0 0.605469 0.888889 0.072917 0.208333
