0 0.101562 0.064815 0.200521 0.125000
0 0.409505 0.151620 0.191406 0.298611
0 0.612630 0.040509 0.061198 0.076389
0 0.561849 0.174769 0.037760 0.127315
0 0.119792 0.232639 0.114583 0.164352
0 0.307292 0.284722 0.049479 0.129630
0 0.049479 0.434028 0.096354 0.456019
0 0.485026 0.393519 0.055990 0.106481
0 0.309245 0.494213 0.154948 0.233796
0 0.869792 0.663194 0.255208 0.483796
0 0.400391 0.693287 0.079427 0.178241
0 0.018229 0.751157 0.033854 0.159722
0 0.247396 0.665509 0.052083 0.136574
0 0.580729 0.700231 0.080729 0.094907
0 0.675781 0.835648 0.182292 0.185185
0 0.199870 0.855324 0.165365 0.280093
0 0.348958 0.875000 0.114583 0.240741
0 0.823568 0.893519 0.188802 0.203704
0 0.029297 0.881944 0.055990 0.129630
