0 0.047526 0.144676 0.092448 0.284722
0 0.484375 0.111111 0.117188 0.129630
0 0.293620 0.258102 0.173177 0.219907
0 0.365234 0.290509 0.100260 0.118056
0 0.760417 0.451389 0.098958 0.180556
0 0.204427 0.449074 0.080729 0.106481
0 0.355469 0.508102 0.078125 0.145833
0 0.131510 0.550926 0.130208 0.203704
0 0.282552 0.664352 0.078125 0.175926
0 0.815755 0.675926 0.199219 0.166667
0 0.088542 0.650463 0.062500 0.148148
0 0.576172 0.747685 0.108073 0.171296
0 0.119141 0.827546 0.235677 0.335648
0 0.199219 0.791667 0.184896 0.166667
0 0.819661 0.813657 0.071615 0.131944
0 0.740234 0.858796 0.082031 0.175926
0 0.895182 0.876157 0.121094 0.238426
