0 0.145833 0.498843 0.289062 0.993056
0 0.479818 0.153935 0.209635 0.303241
0 0.607422 0.048611 0.042969 0.092593
0 0.929688 0.457176 0.132812 0.599537
0 0.822266 0.302083 0.121094 0.164352
0 0.382161 0.297454 0.042969 0.145833
0 0.623047 0.386574 0.058594 0.097222
0 0.296224 0.519676 0.050781 0.173611
0 0.468099 0.673611 0.079427 0.194444
0 0.846354 0.694444 0.052083 0.087963
0 0.648438 0.741898 0.091146 0.141204
0 0.496745 0.853009 0.035156 0.136574
0 0.653646 0.922454 0.098958 0.145833
0 0.530599 0.946759 0.074219 0.097222
