0 0.041667 0.097222 0.080729 0.189815
0 0.425130 0.025463 0.071615 0.046296
0 0.527995 0.084491 0.144531 0.164352
0 0.284505 0.163194 0.071615 0.173611
0 0.347656 0.177083 0.088542 0.122685
0 0.472005 0.230324 0.048177 0.085648
0 0.393880 0.266204 0.097656 0.129630
0 0.230469 0.260417 0.046875 0.076389
0 0.727865 0.538194 0.291667 0.442130
0 0.142578 0.659722 0.282552 0.666667
0 0.347656 0.461806 0.080729 0.113426
0 0.242188 0.571759 0.093750 0.171296
0 0.550130 0.725694 0.126302 0.196759
0 0.658203 0.724537 0.058594 0.120370
0 0.895833 0.858796 0.109375 0.268519
0 0.707031 0.834491 0.044271 0.081019
0 0.682292 0.881944 0.070312 0.111111
0 0.723958 0.967593 0.083333 0.050926
