0 0.152995 0.152778 0.183594 0.300926
0 0.279297 0.094907 0.108073 0.185185
0 0.774740 0.070602 0.114583 0.136574
0 0.900391 0.100694 0.102865 0.196759
0 0.492839 0.206019 0.045573 0.199074
0 0.354818 0.207176 0.042969 0.159722
0 0.932943 0.238426 0.126302 0.203704
0 0.544271 0.480324 0.255208 0.516204
0 0.343750 0.326389 0.036458 0.138889
0 0.732422 0.475694 0.128906 0.381944
0 0.654948 0.347222 0.096354 0.180556
0 0.458984 0.600694 0.154948 0.215278
0 0.261719 0.777778 0.419271 0.435185
0 0.664714 0.784722 0.087240 0.287037
0 0.770182 0.881944 0.134115 0.226852
0 0.634766 0.952546 0.134115 0.085648
