0 0.118490 0.091435 0.083333 0.178241
0 0.381510 0.060185 0.114583 0.115741
0 0.878255 0.215278 0.220052 0.425926
0 0.975911 0.061343 0.042969 0.118056
0 0.268229 0.092593 0.057292 0.180556
0 0.733073 0.112269 0.028646 0.127315
0 0.146484 0.253472 0.058594 0.159722
0 0.475260 0.290509 0.098958 0.243056
0 0.210286 0.284722 0.048177 0.162037
0 0.378906 0.334491 0.070312 0.270833
0 0.682943 0.543981 0.154948 0.333333
0 0.482422 0.666667 0.285156 0.347222
0 0.173828 0.792824 0.248698 0.400463
0 0.731120 0.716435 0.082031 0.187500
0 0.406250 0.869213 0.093750 0.247685
0 0.807943 0.822917 0.050781 0.141204
0 0.693359 0.893519 0.035156 0.152778
0 0.734375 0.946759 0.072917 0.092593
0 0.327474 0.967593 0.076823 0.050926
0 0.801432 0.943287 0.050781 0.099537
