0 0.536458 0.166667 0.281250 0.328704
0 0.082031 0.137731 0.161458 0.219907
0 0.888021 0.221065 0.213542 0.270833
0 0.230469 0.424769 0.153646 0.428241
0 0.069661 0.423611 0.136719 0.393519
0 0.674479 0.351852 0.046875 0.134259
0 0.311849 0.489583 0.063802 0.252315
0 0.977214 0.538194 0.035156 0.182870
0 0.888021 0.579861 0.078125 0.206019
0 0.142578 0.782407 0.282552 0.421296
0 0.692057 0.689815 0.089844 0.143519
0 0.712891 0.905093 0.110677 0.175926
0 0.585286 0.920139 0.084635 0.145833
0 0.082031 0.137731 0.161458 0.219907
0 0.230469 0.424769 0.153646 0.428241
0 0.069661 0.423611 0.136719 0.393519
0 0.322266 0.489583 0.084635 0.252315
0 0.142578 0.782407 0.282552 0.421296
