0 0.102214 0.129630 0.201823 0.254630
0 0.404948 0.165509 0.192708 0.326389
0 0.587891 0.040509 0.071615 0.076389
0 0.530599 0.180556 0.100260 0.277778
0 0.302734 0.150463 0.042969 0.092593
0 0.151693 0.275463 0.087240 0.171296
0 0.313802 0.328704 0.059896 0.148148
0 0.520833 0.320602 0.033854 0.094907
0 0.042969 0.614583 0.083333 0.567130
0 0.678385 0.431713 0.072917 0.104167
0 0.860026 0.605324 0.274740 0.400463
0 0.360026 0.496528 0.053385 0.159722
0 0.678385 0.670139 0.052083 0.062500
0 0.428385 0.718750 0.075521 0.173611
0 0.221354 0.796296 0.164062 0.328704
0 0.693359 0.819444 0.196615 0.231481
0 0.980469 0.827546 0.033854 0.127315
0 0.380859 0.849537 0.053385 0.143519
0 0.856120 0.927083 0.087240 0.136574
0 0.326823 0.936343 0.109375 0.118056
0 0.037760 0.951389 0.049479 0.087963
