0 0.149089 0.289352 0.222656 0.504630
0 0.353516 0.228009 0.134115 0.303241
0 0.674479 0.164352 0.083333 0.166667
0 0.868490 0.221065 0.041667 0.113426
0 0.662760 0.311343 0.114583 0.261574
0 0.278646 0.296296 0.049479 0.134259
0 0.839844 0.440972 0.221354 0.381944
0 0.960286 0.569444 0.071615 0.259259
0 0.385417 0.707176 0.257812 0.571759
0 0.867839 0.706019 0.045573 0.157407
0 0.112630 0.853009 0.084635 0.219907
0 0.151042 0.902778 0.075521 0.180556
0 0.973958 0.939815 0.044271 0.106481
0 0.048828 0.949074 0.095052 0.087963
0 0.635417 0.961806 0.065104 0.062500
