0 0.671224 0.039352 0.050781 0.074074
0 0.160156 0.079861 0.036458 0.155093
0 0.596354 0.072917 0.028646 0.141204
0 0.247396 0.200231 0.106771 0.331019
0 0.373698 0.182870 0.065104 0.236111
0 0.111328 0.206019 0.087240 0.407407
0 0.878906 0.149306 0.083333 0.104167
0 0.391276 0.236111 0.027344 0.115741
0 0.298177 0.269676 0.091146 0.224537
0 0.886068 0.493056 0.222656 0.476852
0 0.186849 0.479167 0.084635 0.245370
0 0.401042 0.709491 0.260417 0.571759
0 0.144531 0.859954 0.067708 0.164352
0 0.198568 0.799769 0.092448 0.298611
0 0.641927 0.927083 0.119792 0.136574
0 0.066406 0.866898 0.130208 0.256944
0 0.177734 0.968750 0.092448 0.053241
