0 0.085449 0.057833 0.168945 0.112738
0 0.854492 0.062958 0.107422 0.122987
0 0.922852 0.202782 0.134766 0.203514
0 0.422852 0.208638 0.162109 0.183016
0 0.077637 0.238653 0.153320 0.146413
0 0.568848 0.270864 0.133789 0.158126
0 0.489258 0.239385 0.050781 0.103953
0 0.769531 0.394583 0.394531 0.426061
0 0.944336 0.396779 0.105469 0.278184
0 0.279297 0.434114 0.285156 0.417277
0 0.031738 0.312592 0.061523 0.074671
0 0.539062 0.563690 0.162109 0.140556
0 0.095703 0.767936 0.189453 0.455344
0 0.415527 0.573939 0.127930 0.125915
0 0.299316 0.742313 0.137695 0.313324
0 0.085449 0.057833 0.168945 0.112738
0 0.854492 0.062958 0.107422 0.122987
0 0.922852 0.202782 0.134766 0.203514
0 0.416992 0.208638 0.150391 0.183016
0 0.089355 0.238653 0.176758 0.146413
0 0.568848 0.270864 0.133789 0.158126
0 0.486328 0.229868 0.056641 0.122987
0 0.758789 0.394583 0.373047 0.426061
0 0.944336 0.396779 0.105469 0.278184
0 0.279297 0.434114 0.285156 0.417277
0 0.031738 0.312592 0.061523 0.074671
0 0.539062 0.563690 0.162109 0.140556
0 0.095703 0.763543 0.189453 0.461201
0 0.415527 0.573939 0.127930 0.125915
0 0.299316 0.742313 0.137695 0.313324
