0 0.184896 0.164352 0.268229 0.324074
0 0.410156 0.260417 0.221354 0.516204
0 0.536458 0.027778 0.083333 0.050926
0 0.887370 0.047454 0.173177 0.090278
0 0.735026 0.331019 0.345052 0.546296
0 0.944010 0.268519 0.104167 0.212963
0 0.091146 0.407407 0.174479 0.171296
0 0.236328 0.574074 0.105469 0.115741
0 0.123047 0.619213 0.087240 0.118056
0 0.067708 0.657407 0.132812 0.199074
0 0.509115 0.747685 0.138021 0.171296
0 0.635417 0.769676 0.174479 0.192130
0 0.285156 0.853009 0.296875 0.280093
0 0.921875 0.908565 0.148438 0.168981
