0 0.187500 0.049769 0.174479 0.094907
0 0.494141 0.045139 0.152344 0.085648
0 0.781901 0.234954 0.428385 0.465278
0 0.940755 0.085648 0.110677 0.166667
0 0.038411 0.104167 0.074219 0.203704
0 0.312500 0.284722 0.554688 0.467593
0 0.970703 0.446759 0.050781 0.148148
0 0.132812 0.584491 0.179688 0.229167
0 0.361328 0.668981 0.194010 0.296296
0 0.018880 0.637731 0.035156 0.122685
0 0.717448 0.723380 0.286458 0.192130
0 0.167318 0.858796 0.209635 0.268519
0 0.444661 0.902778 0.292969 0.180556
0 0.901042 0.900463 0.190104 0.185185
0 0.742839 0.971065 0.113281 0.043981
