0 0.032552 0.050926 0.062500 0.097222
0 0.235026 0.103009 0.186198 0.201389
0 0.714844 0.103009 0.385417 0.201389
0 0.462891 0.224537 0.131510 0.370370
0 0.874349 0.150463 0.082031 0.087963
0 0.682292 0.453704 0.236979 0.615741
0 0.811198 0.179398 0.104167 0.122685
0 0.866536 0.238426 0.058594 0.078704
0 0.866536 0.305556 0.092448 0.083333
0 0.938802 0.376157 0.117188 0.196759
0 0.325521 0.432870 0.143229 0.250000
0 0.804036 0.660880 0.251302 0.631944
0 0.025391 0.525463 0.048177 0.194444
0 0.968099 0.663194 0.058594 0.340278
0 0.388672 0.729167 0.204427 0.412037
0 0.112630 0.763889 0.141927 0.402778
0 0.052083 0.953704 0.078125 0.078704
