0 0.054036 0.052083 0.105469 0.099537
0 0.220703 0.089120 0.173177 0.173611
0 0.599609 0.092593 0.144531 0.180556
0 0.787760 0.103009 0.239583 0.201389
0 0.460286 0.142361 0.097656 0.229167
0 0.463542 0.291667 0.088542 0.240741
0 0.710286 0.376157 0.162760 0.368056
0 0.339844 0.423611 0.114583 0.185185
0 0.940755 0.336806 0.110677 0.155093
0 0.961589 0.427083 0.069010 0.118056
0 0.559245 0.505787 0.105469 0.317130
0 0.832031 0.695602 0.328125 0.567130
0 0.023438 0.515046 0.044271 0.178241
0 0.399089 0.748843 0.235677 0.405093
0 0.111979 0.774306 0.195312 0.432870
0 0.578125 0.790509 0.164062 0.266204
0 0.265625 0.730324 0.044271 0.104167
0 0.328125 0.960648 0.052083 0.060185
