0 0.035807 0.052083 0.069010 0.099537
0 0.220703 0.103009 0.173177 0.201389
0 0.598307 0.092593 0.147135 0.180556
0 0.788411 0.078704 0.243490 0.152778
0 0.476562 0.231481 0.151042 0.356481
0 0.929688 0.130787 0.132812 0.192130
0 0.658854 0.453704 0.257812 0.615741
0 0.882161 0.303241 0.123698 0.087963
0 0.327474 0.442130 0.147135 0.268519
0 0.938151 0.401620 0.115885 0.270833
0 0.835286 0.663194 0.321615 0.627315
0 0.023438 0.516204 0.044271 0.180556
0 0.371094 0.758102 0.250000 0.469907
0 0.098307 0.782407 0.170573 0.421296
