0 0.039062 0.053241 0.075521 0.101852
0 0.239583 0.105324 0.177083 0.206019
0 0.629557 0.075231 0.204427 0.145833
0 0.813151 0.084491 0.194010 0.164352
0 0.462891 0.231481 0.108073 0.365741
0 0.707682 0.379630 0.186198 0.324074
0 0.311849 0.462963 0.160156 0.268519
0 0.966146 0.413194 0.059896 0.090278
0 0.590495 0.621528 0.157552 0.409722
0 0.835286 0.695602 0.321615 0.581019
0 0.020833 0.515046 0.039062 0.178241
0 0.379557 0.745370 0.269531 0.402778
0 0.109375 0.795139 0.177083 0.395833
0 0.317708 0.949074 0.080729 0.087963
