0 0.372396 0.103009 0.140625 0.201389
0 0.647135 0.054398 0.072917 0.104167
0 0.776042 0.144676 0.169271 0.284722
0 0.951172 0.097222 0.089844 0.152778
0 0.695312 0.274306 0.130208 0.381944
0 0.569661 0.171296 0.149740 0.185185
0 0.412109 0.299769 0.167969 0.229167
0 0.959635 0.290509 0.072917 0.150463
0 0.585286 0.304398 0.102865 0.131944
0 0.795573 0.486111 0.091146 0.277778
0 0.916016 0.687500 0.160156 0.611111
0 0.401042 0.541667 0.260417 0.236111
0 0.591797 0.533565 0.105469 0.182870
0 0.173828 0.754630 0.222656 0.476852
0 0.393229 0.792824 0.153646 0.354167
0 0.669271 0.681713 0.046875 0.067130
0 0.734375 0.855324 0.049479 0.071759
0 0.788411 0.940972 0.069010 0.104167
