0 0.486979 0.025463 0.065104 0.046296
0 0.628255 0.250000 0.144531 0.495370
0 0.742839 0.167824 0.149740 0.331019
0 0.970703 0.062500 0.050781 0.120370
0 0.321615 0.137731 0.143229 0.219907
0 0.460938 0.097222 0.075521 0.097222
0 0.904297 0.103009 0.074219 0.108796
0 0.516276 0.253472 0.149740 0.293981
0 0.917969 0.289352 0.098958 0.208333
0 0.361328 0.434028 0.178385 0.442130
0 0.742839 0.515046 0.095052 0.293981
0 0.878255 0.700231 0.191406 0.585648
0 0.288411 0.539352 0.144531 0.185185
0 0.568359 0.604167 0.160156 0.277778
0 0.122396 0.768519 0.242188 0.449074
0 0.331380 0.821759 0.147135 0.342593
0 0.731120 0.746528 0.040365 0.108796
0 0.542969 0.795139 0.039062 0.090278
0 0.682292 0.866898 0.059896 0.085648
0 0.706380 0.947917 0.136719 0.090278
