0 0.436849 0.040509 0.079427 0.076389
0 0.629557 0.261574 0.251302 0.518519
0 0.753255 0.059028 0.045573 0.113426
0 0.931641 0.083333 0.110677 0.162037
0 0.262370 0.157407 0.139323 0.212963
0 0.450521 0.255787 0.166667 0.354167
0 0.847005 0.156250 0.076823 0.131944
0 0.861979 0.318287 0.098958 0.206019
0 0.298177 0.365741 0.166667 0.240741
0 0.963542 0.364583 0.057292 0.210648
0 0.686849 0.552083 0.092448 0.289352
0 0.815104 0.722222 0.182292 0.546296
0 0.944661 0.494213 0.053385 0.076389
0 0.257812 0.737269 0.203125 0.516204
0 0.511068 0.646991 0.160156 0.280093
0 0.361979 0.614583 0.101562 0.219907
0 0.092448 0.787037 0.182292 0.416667
0 0.975911 0.670139 0.040365 0.104167
0 0.671224 0.780093 0.040365 0.111111
0 0.483073 0.828704 0.046875 0.087963
0 0.641927 0.906250 0.080729 0.094907
