0 0.254557 0.087963 0.238281 0.171296
0 0.776693 0.280093 0.438802 0.555556
0 0.504557 0.168981 0.128906 0.333333
0 0.597005 0.609954 0.180990 0.224537
0 0.932292 0.832176 0.127604 0.326389
0 0.120443 0.835648 0.238281 0.319444
0 0.629557 0.881944 0.373698 0.226852
0 0.254557 0.087963 0.238281 0.171296
0 0.776693 0.280093 0.438802 0.555556
0 0.504557 0.168981 0.128906 0.333333
0 0.597005 0.609954 0.180990 0.224537
0 0.932292 0.832176 0.127604 0.326389
0 0.120443 0.835648 0.238281 0.319444
0 0.629557 0.881944 0.373698 0.226852
