0 0.676432 0.111111 0.149740 0.217593
0 0.817708 0.159722 0.096354 0.314815
0 0.929036 0.074074 0.095052 0.143519
0 0.523438 0.165509 0.169271 0.256944
0 0.912109 0.333333 0.092448 0.291667
0 0.486979 0.535880 0.184896 0.534722
0 0.703125 0.377315 0.106771 0.203704
0 0.584635 0.371528 0.083333 0.159722
0 0.266927 0.680556 0.296875 0.629630
0 0.024089 0.528935 0.045573 0.182870
0 0.792969 0.527778 0.052083 0.069444
0 0.914714 0.559028 0.063802 0.122685
0 0.852865 0.684028 0.049479 0.085648
0 0.972005 0.784722 0.050781 0.152778
0 0.897135 0.788194 0.111979 0.136574
0 0.433594 0.851852 0.062500 0.106481
0 0.755208 0.896991 0.057292 0.122685
0 0.497396 0.910880 0.072917 0.155093
0 0.031250 0.951389 0.059896 0.087963
