1 0.183725 0.136905 0.145973 0.267857
1 0.388423 0.068452 0.186242 0.130952
1 0.574664 0.074405 0.102349 0.142857
1 0.855705 0.166667 0.281879 0.327381
1 0.065436 0.125000 0.127517 0.244048
1 0.465604 0.305060 0.250000 0.568452
1 0.302013 0.114583 0.097315 0.223214
1 0.800336 0.611607 0.392617 0.764881
1 0.181208 0.528274 0.127517 0.377976
1 0.058725 0.517857 0.114094 0.315476
1 0.350671 0.562500 0.154362 0.208333
1 0.296980 0.702381 0.080537 0.160714
1 0.516779 0.735119 0.197987 0.238095
1 0.385067 0.819940 0.156040 0.294643
1 0.971477 0.863095 0.050336 0.196429
1 0.088087 0.904762 0.129195 0.178571
1 0.609899 0.912202 0.125839 0.163690
