1 0.093121 0.162202 0.182886 0.318452
1 0.352349 0.296131 0.342282 0.586310
1 0.520134 0.068452 0.147651 0.130952
1 0.968960 0.123512 0.052013 0.151786
1 0.114094 0.238095 0.040268 0.113095
1 0.114094 0.309524 0.070470 0.071429
1 0.239094 0.354167 0.075503 0.113095
1 0.121644 0.550595 0.166107 0.422619
1 0.032718 0.587798 0.062081 0.294643
1 0.395973 0.730655 0.406040 0.526786
1 0.959732 0.563988 0.070470 0.145833
1 0.939597 0.784226 0.100671 0.199405
1 0.635906 0.889881 0.184564 0.184524
1 0.057047 0.924107 0.110738 0.139881
1 0.489094 0.952381 0.196309 0.083333
