5 0.209444 0.065217 0.067778 0.125604
5 0.751111 0.032609 0.068889 0.060386
5 0.869444 0.048309 0.045556 0.091787
5 0.698889 0.187198 0.102222 0.152174
5 0.361667 0.202899 0.036667 0.106280
5 0.838889 0.233092 0.140000 0.123188
5 0.697778 0.446860 0.253333 0.487923
5 0.248333 0.248792 0.038889 0.082126
5 0.645556 0.272947 0.044444 0.111111
5 0.604444 0.297101 0.051111 0.101449
5 0.229444 0.381643 0.123333 0.178744
5 0.380000 0.407005 0.066667 0.200483
5 0.542222 0.473430 0.042222 0.125604
5 0.411667 0.555556 0.118889 0.115942
5 0.843333 0.543478 0.080000 0.096618
5 0.498333 0.590580 0.038889 0.084541
5 0.213889 0.759662 0.174444 0.384058
5 0.320556 0.642512 0.065556 0.149758
5 0.488333 0.646135 0.045556 0.070048
5 0.531667 0.833333 0.158889 0.323671
5 0.375556 0.861111 0.157778 0.210145
5 0.191667 0.923913 0.083333 0.142512
