5 0.207778 0.061594 0.066667 0.118357
5 0.401667 0.045894 0.054444 0.086957
5 0.355000 0.155797 0.050000 0.103865
5 0.710000 0.163043 0.084444 0.123188
5 0.840000 0.190821 0.137778 0.115942
5 0.649444 0.228261 0.052222 0.118357
5 0.750556 0.210145 0.036667 0.086957
5 0.604444 0.248792 0.044444 0.072464
5 0.234444 0.334541 0.124444 0.205314
5 0.379444 0.358696 0.070000 0.210145
5 0.733889 0.439614 0.290000 0.410628
5 0.849444 0.509662 0.083333 0.106280
5 0.407778 0.526570 0.115556 0.077295
5 0.524444 0.553140 0.048889 0.120773
5 0.206667 0.711353 0.188889 0.379227
5 0.321111 0.596618 0.062222 0.149758
5 0.453889 0.751208 0.312222 0.357488
5 0.193333 0.902174 0.091111 0.185990
5 0.416111 0.948068 0.056667 0.094203
5 0.522222 0.957729 0.064444 0.074879
