5 0.201111 0.068841 0.073333 0.132850
5 0.332778 0.030193 0.058889 0.055556
5 0.633889 0.100242 0.058889 0.195652
5 0.760000 0.048309 0.080000 0.091787
5 0.866667 0.059179 0.062222 0.113527
5 0.400556 0.084541 0.072222 0.135266
5 0.357222 0.195652 0.078889 0.140097
5 0.739444 0.403382 0.338889 0.584541
5 0.595556 0.300725 0.048889 0.103865
5 0.223333 0.380435 0.133333 0.229469
5 0.363889 0.345411 0.047778 0.067633
5 0.399444 0.501208 0.134444 0.297101
5 0.517222 0.448068 0.050000 0.185990
5 0.831111 0.551932 0.086667 0.118357
5 0.147222 0.549517 0.114444 0.084541
5 0.499444 0.600242 0.058889 0.123188
5 0.266111 0.785024 0.341111 0.415459
5 0.304444 0.649758 0.064444 0.149758
5 0.513889 0.807971 0.154444 0.369565
5 0.786111 0.742754 0.038889 0.113527
5 0.876667 0.745169 0.064444 0.142512
5 0.173333 0.926329 0.086667 0.132850
5 0.201111 0.068841 0.073333 0.132850
5 0.332778 0.030193 0.058889 0.055556
5 0.633889 0.100242 0.058889 0.195652
5 0.760000 0.048309 0.080000 0.091787
5 0.866667 0.059179 0.062222 0.113527
5 0.400556 0.084541 0.072222 0.135266
5 0.357222 0.195652 0.078889 0.140097
5 0.739444 0.403382 0.338889 0.584541
5 0.595556 0.300725 0.048889 0.103865
5 0.223333 0.380435 0.133333 0.229469
5 0.363889 0.345411 0.047778 0.067633
5 0.399444 0.501208 0.134444 0.297101
5 0.517222 0.448068 0.050000 0.185990
5 0.831111 0.551932 0.086667 0.118357
5 0.147222 0.549517 0.114444 0.084541
5 0.499444 0.600242 0.058889 0.123188
5 0.266111 0.786232 0.341111 0.417874
5 0.304444 0.649758 0.064444 0.149758
5 0.513889 0.809179 0.154444 0.371981
5 0.786111 0.742754 0.038889 0.113527
5 0.876667 0.745169 0.064444 0.142512
5 0.173333 0.927536 0.086667 0.135266
