5 0.191667 0.073671 0.127778 0.142512
5 0.770556 0.051932 0.063333 0.099034
5 0.397778 0.101449 0.057778 0.115942
5 0.858889 0.056763 0.042222 0.094203
5 0.356111 0.192029 0.063333 0.171498
5 0.697778 0.218599 0.080000 0.147343
5 0.832222 0.248792 0.153333 0.130435
5 0.718889 0.452899 0.288889 0.500000
5 0.630556 0.283816 0.047778 0.099034
5 0.595000 0.311594 0.047778 0.106280
5 0.222222 0.392512 0.120000 0.224638
5 0.390556 0.487923 0.105556 0.333333
5 0.836111 0.564010 0.087778 0.113527
5 0.517778 0.618357 0.031111 0.135266
5 0.191667 0.752415 0.161111 0.335749
5 0.309444 0.658213 0.063333 0.152174
5 0.519444 0.811594 0.156667 0.280193
5 0.880000 0.774155 0.057778 0.108696
5 0.365556 0.879227 0.157778 0.231884
5 0.180556 0.929952 0.083333 0.130435
5 0.252222 0.905797 0.075556 0.115942
5 0.783889 0.926329 0.043333 0.074879
