5 0.140556 0.061594 0.070000 0.118357
5 0.338889 0.066425 0.122222 0.128019
5 0.489444 0.032609 0.063333 0.060386
5 0.738889 0.285024 0.340000 0.565217
5 0.206111 0.216184 0.143333 0.326087
5 0.545000 0.086957 0.050000 0.096618
5 0.642778 0.185990 0.061111 0.149758
5 0.591667 0.175121 0.047778 0.094203
5 0.368333 0.298309 0.094444 0.239130
5 0.109444 0.271739 0.038889 0.108696
5 0.342778 0.682367 0.505556 0.620773
5 0.380556 0.446860 0.105556 0.082126
5 0.296667 0.543478 0.075556 0.207729
5 0.798889 0.612319 0.037778 0.108696
5 0.885556 0.636473 0.046667 0.132850
5 0.144444 0.863527 0.091111 0.258454
5 0.564444 0.968599 0.075556 0.048309
