13 0.185547 0.126157 0.287760 0.247685
13 0.430339 0.108796 0.207031 0.212963
13 0.915365 0.078704 0.059896 0.152778
13 0.489583 0.275463 0.236979 0.370370
13 0.659505 0.207176 0.071615 0.127315
13 0.676432 0.347222 0.191406 0.296296
13 0.754557 0.456019 0.053385 0.148148
13 0.552734 0.482639 0.035156 0.085648
13 0.701172 0.609954 0.063802 0.252315
13 0.302083 0.752315 0.395833 0.486111
13 0.686849 0.734954 0.225260 0.520833
13 0.308594 0.567130 0.049479 0.138889
13 0.838542 0.671296 0.065104 0.157407
13 0.152995 0.796296 0.113281 0.259259
13 0.783203 0.724537 0.053385 0.064815
13 0.109375 0.902778 0.039062 0.092593
