13 0.158203 0.221065 0.201823 0.437500
13 0.325521 0.155093 0.231771 0.305556
13 0.596354 0.054398 0.059896 0.104167
13 0.894531 0.310185 0.205729 0.615741
13 0.744141 0.285880 0.050781 0.131944
13 0.373047 0.483796 0.277344 0.375000
13 0.500651 0.771991 0.334635 0.446759
13 0.655599 0.681713 0.131510 0.298611
13 0.158854 0.825231 0.276042 0.340278
13 0.727214 0.780093 0.040365 0.120370
13 0.311849 0.930556 0.173177 0.129630
13 0.707682 0.930556 0.113281 0.129630
13 0.620443 0.959491 0.042969 0.071759
