13 0.200521 0.199074 0.281250 0.393519
13 0.373698 0.083333 0.130208 0.162037
13 0.486328 0.057870 0.035156 0.111111
13 0.733073 0.045139 0.085938 0.085648
13 0.892578 0.225694 0.209635 0.446759
13 0.725260 0.142361 0.039062 0.131944
13 0.800781 0.160880 0.031250 0.099537
13 0.380859 0.361111 0.095052 0.273148
13 0.487630 0.378472 0.074219 0.127315
13 0.554036 0.642361 0.438802 0.460648
13 0.180339 0.814815 0.292969 0.356481
13 0.757812 0.837963 0.111979 0.175926
13 0.398438 0.887731 0.096354 0.210648
13 0.582682 0.921296 0.089844 0.143519
13 0.725911 0.929398 0.084635 0.127315
