13 0.234375 0.296296 0.375000 0.587963
13 0.630859 0.087963 0.233073 0.171296
13 0.829427 0.118056 0.132812 0.189815
13 0.932292 0.265046 0.127604 0.289352
13 0.634766 0.232639 0.058594 0.127315
13 0.731120 0.321759 0.076823 0.087963
13 0.841146 0.392361 0.119792 0.243056
13 0.910807 0.527778 0.170573 0.277778
13 0.476562 0.712963 0.460938 0.560185
13 0.767578 0.577546 0.079427 0.141204
13 0.906901 0.762731 0.037760 0.094907
13 0.119141 0.858796 0.235677 0.268519
13 0.424479 0.915509 0.044271 0.090278
13 0.302734 0.967593 0.063802 0.050926
