13 0.046224 0.082176 0.089844 0.159722
13 0.322917 0.032407 0.062500 0.060185
13 0.570312 0.040509 0.075521 0.076389
13 0.474609 0.136574 0.082031 0.259259
13 0.332031 0.288194 0.182292 0.493056
13 0.233073 0.229167 0.039062 0.083333
13 0.647786 0.349537 0.063802 0.143519
13 0.194010 0.318287 0.067708 0.113426
13 0.150391 0.635417 0.298177 0.576389
13 0.798177 0.585648 0.210938 0.500000
13 0.552083 0.400463 0.041667 0.097222
13 0.522786 0.663194 0.069010 0.108796
13 0.611328 0.696759 0.092448 0.199074
13 0.729167 0.805556 0.065104 0.138889
13 0.599609 0.822917 0.048177 0.067130
13 0.888672 0.905093 0.115885 0.180556
13 0.223958 0.856481 0.054688 0.055556
13 0.049479 0.927083 0.096354 0.136574
13 0.729167 0.967593 0.062500 0.055556
