13 0.422526 0.060185 0.097656 0.115741
13 0.546875 0.046296 0.046875 0.087963
13 0.106771 0.163194 0.104167 0.108796
13 0.440755 0.216435 0.058594 0.141204
13 0.893880 0.369213 0.055990 0.118056
13 0.057292 0.467593 0.111979 0.282407
13 0.919271 0.508102 0.033854 0.090278
13 0.952474 0.515046 0.063802 0.118056
13 0.090495 0.760417 0.178385 0.469907
13 0.788411 0.765046 0.087240 0.136574
13 0.563802 0.797454 0.057292 0.113426
13 0.393229 0.831019 0.083333 0.134259
13 0.563802 0.916667 0.075521 0.157407
