13 0.158203 0.120370 0.222656 0.236111
13 0.292318 0.062500 0.071615 0.120370
13 0.436849 0.040509 0.042969 0.076389
13 0.759766 0.050926 0.071615 0.097222
13 0.940755 0.152778 0.110677 0.300926
13 0.591797 0.347222 0.368490 0.569444
13 0.386719 0.171296 0.080729 0.148148
13 0.771484 0.583333 0.115885 0.152778
13 0.177083 0.766204 0.255208 0.458333
13 0.369141 0.790509 0.214844 0.409722
13 0.645833 0.715278 0.036458 0.120370
13 0.709635 0.824074 0.294271 0.342593
13 0.265625 0.885417 0.049479 0.118056
