13 0.118490 0.091435 0.083333 0.178241
13 0.381510 0.060185 0.114583 0.115741
13 0.878255 0.215278 0.220052 0.425926
13 0.975911 0.061343 0.042969 0.118056
13 0.268229 0.092593 0.057292 0.180556
13 0.733073 0.112269 0.028646 0.127315
13 0.146484 0.253472 0.058594 0.159722
13 0.475260 0.290509 0.098958 0.243056
13 0.210286 0.284722 0.048177 0.162037
13 0.378906 0.334491 0.070312 0.270833
13 0.682943 0.543981 0.154948 0.333333
13 0.482422 0.666667 0.285156 0.347222
13 0.173828 0.792824 0.248698 0.400463
13 0.731120 0.716435 0.082031 0.187500
13 0.406250 0.869213 0.093750 0.247685
13 0.807943 0.822917 0.050781 0.141204
13 0.693359 0.893519 0.035156 0.152778
13 0.734375 0.946759 0.072917 0.092593
13 0.327474 0.967593 0.076823 0.050926
13 0.801432 0.943287 0.050781 0.099537
