13 0.100260 0.123843 0.197917 0.243056
13 0.356120 0.086806 0.108073 0.168981
13 0.595703 0.052083 0.092448 0.099537
13 0.534505 0.037037 0.087240 0.069444
13 0.401693 0.156250 0.032552 0.127315
13 0.138672 0.237269 0.123698 0.215278
13 0.554688 0.217593 0.041667 0.134259
13 0.040365 0.540509 0.078125 0.668981
13 0.477865 0.262731 0.065104 0.085648
13 0.514974 0.325231 0.042969 0.071759
13 0.492839 0.400463 0.055990 0.115741
13 0.329427 0.466435 0.130208 0.164352
13 0.785156 0.532407 0.153646 0.296296
13 0.651693 0.428241 0.045573 0.078704
13 0.924479 0.630787 0.125000 0.145833
13 0.421224 0.709491 0.095052 0.187500
13 0.951172 0.746528 0.092448 0.247685
13 0.577474 0.730324 0.084635 0.131944
13 0.244141 0.684028 0.082031 0.155093
13 0.649740 0.701389 0.072917 0.115741
13 0.684245 0.832176 0.220052 0.243056
13 0.873047 0.803241 0.134115 0.180556
13 0.210286 0.864583 0.165365 0.261574
13 0.363932 0.908565 0.102865 0.173611
13 0.831380 0.957176 0.040365 0.076389
