13 0.162760 0.120370 0.236979 0.236111
13 0.285807 0.047454 0.069010 0.090278
13 0.764974 0.042824 0.076823 0.081019
13 0.948568 0.120370 0.095052 0.236111
13 0.486328 0.142361 0.029948 0.155093
13 0.372396 0.136574 0.036458 0.111111
13 0.402344 0.315972 0.096354 0.261574
13 0.702474 0.373843 0.199219 0.354167
13 0.499349 0.354167 0.076823 0.189815
13 0.602214 0.546296 0.082031 0.226852
13 0.748047 0.547454 0.069010 0.104167
13 0.270833 0.751157 0.419271 0.488426
13 0.820964 0.597222 0.050781 0.129630
13 0.697917 0.792824 0.223958 0.405093
13 0.656250 0.743056 0.059896 0.180556
13 0.837240 0.752315 0.059896 0.185185
