13 0.195312 0.192130 0.281250 0.379630
13 0.727214 0.053241 0.050781 0.101852
13 0.791016 0.098380 0.102865 0.192130
13 0.919271 0.186343 0.153646 0.368056
13 0.449219 0.281250 0.304688 0.381944
13 0.771484 0.365741 0.061198 0.115741
13 0.653646 0.549769 0.234375 0.405093
13 0.516276 0.656250 0.144531 0.317130
13 0.237630 0.684028 0.066406 0.270833
13 0.309896 0.674769 0.075521 0.192130
13 0.388021 0.832176 0.177083 0.326389
13 0.175781 0.863426 0.239583 0.263889
13 0.628255 0.804398 0.037760 0.104167
13 0.790365 0.873843 0.132812 0.173611
13 0.619792 0.935185 0.122396 0.120370
13 0.731120 0.967593 0.055990 0.055556
