13 0.044271 0.172454 0.085938 0.340278
13 0.154948 0.041667 0.065104 0.078704
13 0.477865 0.173611 0.205729 0.342593
13 0.307943 0.115741 0.066406 0.148148
13 0.322917 0.298611 0.187500 0.212963
13 0.233724 0.378472 0.048177 0.062500
13 0.766927 0.510417 0.130208 0.256944
13 0.200521 0.462963 0.075521 0.143519
13 0.354818 0.563657 0.076823 0.192130
13 0.193359 0.719907 0.261719 0.430556
13 0.515625 0.591435 0.054688 0.076389
13 0.862630 0.682870 0.118490 0.148148
13 0.098307 0.743056 0.058594 0.111111
13 0.634115 0.750000 0.192708 0.162037
13 0.936849 0.876157 0.102865 0.238426
13 0.751302 0.792824 0.114583 0.173611
13 0.103516 0.871528 0.204427 0.247685
13 0.682943 0.914352 0.087240 0.074074
13 0.725911 0.929398 0.045573 0.071759
