13 0.144531 0.059028 0.096354 0.113426
13 0.408854 0.178241 0.236979 0.351852
13 0.035156 0.195602 0.067708 0.386574
13 0.557292 0.107639 0.054688 0.127315
13 0.326172 0.341435 0.178385 0.293981
13 0.762370 0.570602 0.071615 0.303241
13 0.203776 0.483796 0.061198 0.148148
13 0.337891 0.594907 0.105469 0.208333
13 0.533854 0.603009 0.052083 0.104167
13 0.143880 0.644676 0.134115 0.215278
13 0.869141 0.689815 0.126302 0.194444
13 0.167969 0.809028 0.333333 0.372685
13 0.634766 0.821759 0.170573 0.231481
13 0.938802 0.858796 0.114583 0.259259
13 0.554036 0.765046 0.053385 0.085648
13 0.763021 0.859954 0.145833 0.270833
13 0.841797 0.810185 0.055990 0.064815
13 0.850260 0.954861 0.057292 0.081019
