13 0.126953 0.111111 0.126302 0.217593
13 0.356771 0.092593 0.158854 0.180556
13 0.569661 0.054398 0.100260 0.104167
13 0.556641 0.144676 0.053385 0.145833
13 0.041667 0.346065 0.080729 0.381944
13 0.315104 0.328704 0.140625 0.305556
13 0.485026 0.355324 0.069010 0.136574
13 0.663411 0.443287 0.113281 0.131944
13 0.777344 0.495370 0.151042 0.171296
13 0.248047 0.490741 0.048177 0.092593
13 0.388672 0.641204 0.102865 0.194444
13 0.231120 0.611111 0.048177 0.111111
13 0.897786 0.637731 0.042969 0.108796
13 0.235026 0.806713 0.266927 0.377315
13 0.876953 0.780093 0.058594 0.180556
13 0.607422 0.721065 0.053385 0.067130
13 0.669271 0.725694 0.046875 0.081019
13 0.953776 0.849537 0.087240 0.259259
13 0.696615 0.848380 0.106771 0.206019
13 0.606120 0.835648 0.087240 0.101852
13 0.139323 0.866898 0.049479 0.150463
13 0.096354 0.943287 0.096354 0.104167
