13 0.169922 0.175926 0.240885 0.347222
13 0.279948 0.101852 0.067708 0.199074
13 0.414714 0.037037 0.053385 0.069444
13 0.778646 0.067130 0.151042 0.129630
13 0.923177 0.209491 0.145833 0.414352
13 0.791016 0.162037 0.084635 0.134259
13 0.389323 0.234954 0.083333 0.224537
13 0.485026 0.239583 0.069010 0.173611
13 0.359375 0.355324 0.070312 0.150463
13 0.535807 0.387731 0.102865 0.155093
13 0.621094 0.589120 0.335938 0.548611
13 0.255208 0.782407 0.427083 0.425926
13 0.788411 0.721065 0.123698 0.182870
13 0.613932 0.887731 0.097656 0.215278
13 0.282552 0.885417 0.067708 0.145833
13 0.770182 0.902778 0.160156 0.185185
