13 0.145833 0.174769 0.132812 0.344907
13 0.326823 0.114583 0.148438 0.224537
13 0.608073 0.064815 0.054688 0.125000
13 0.942708 0.260417 0.109375 0.516204
13 0.822266 0.129630 0.102865 0.254630
13 0.419922 0.386574 0.196615 0.277778
13 0.253255 0.307870 0.095052 0.166667
13 0.644531 0.533565 0.088542 0.182870
13 0.546224 0.686343 0.308594 0.331019
13 0.352865 0.622685 0.085938 0.212963
13 0.733724 0.646991 0.076823 0.168981
13 0.163411 0.807870 0.259115 0.375000
13 0.544922 0.851852 0.048177 0.101852
13 0.382161 0.895833 0.092448 0.199074
13 0.755859 0.893519 0.100260 0.203704
13 0.618490 0.916667 0.158854 0.157407
