13 0.121745 0.134259 0.123698 0.263889
13 0.412109 0.211806 0.191406 0.418981
13 0.606120 0.045139 0.053385 0.085648
13 0.047526 0.324074 0.092448 0.504630
13 0.555990 0.181713 0.046875 0.164352
13 0.325521 0.416667 0.138021 0.166667
13 0.786458 0.584491 0.140625 0.321759
13 0.667318 0.451389 0.055990 0.083333
13 0.225911 0.534722 0.074219 0.148148
13 0.861979 0.789352 0.270833 0.412037
13 0.231120 0.637731 0.053385 0.104167
13 0.389323 0.667824 0.091146 0.187500
13 0.633464 0.799769 0.235677 0.303241
13 0.619141 0.681713 0.050781 0.071759
13 0.182943 0.799769 0.167969 0.252315
13 0.221354 0.865741 0.325521 0.259259
