17 0.020182 0.072917 0.037760 0.141204
17 0.291016 0.209491 0.457031 0.414352
17 0.528646 0.028935 0.062500 0.053241
17 0.877604 0.113426 0.239583 0.222222
17 0.704427 0.362269 0.296875 0.581019
17 0.934896 0.321759 0.125000 0.250000
17 0.089193 0.350694 0.170573 0.187500
17 0.222656 0.540509 0.101562 0.127315
17 0.089193 0.599537 0.076823 0.101852
17 0.048828 0.629630 0.095052 0.185185
17 0.557943 0.767361 0.279948 0.219907
17 0.255208 0.839120 0.291667 0.307870
17 0.912109 0.928241 0.170573 0.129630
