17 0.020833 0.043981 0.039062 0.078704
17 0.298177 0.261574 0.510417 0.513889
17 0.500651 0.031250 0.102865 0.053241
17 0.923828 0.043981 0.076823 0.078704
17 0.725911 0.305556 0.321615 0.513889
17 0.945312 0.228009 0.104167 0.206019
17 0.102865 0.436343 0.164062 0.192130
17 0.249349 0.605324 0.105469 0.118056
17 0.141927 0.677083 0.101562 0.164352
17 0.075521 0.718750 0.148438 0.247685
17 0.612630 0.758102 0.287760 0.187500
17 0.323568 0.865741 0.316406 0.254630
17 0.936849 0.890046 0.121094 0.206019
17 0.729818 0.964120 0.095052 0.057870
