20 0.036458 0.052083 0.070312 0.099537
20 0.226562 0.105324 0.169271 0.206019
20 0.484375 0.039352 0.083333 0.074074
20 0.802083 0.070602 0.169271 0.136574
20 0.929036 0.116898 0.134115 0.229167
20 0.893880 0.300926 0.204427 0.199074
20 0.708984 0.373843 0.188802 0.335648
20 0.321615 0.402778 0.138021 0.226852
20 0.966146 0.384259 0.059896 0.050926
20 0.835286 0.672454 0.321615 0.627315
20 0.596354 0.594907 0.166667 0.439815
20 0.024089 0.517361 0.045573 0.173611
20 0.401693 0.769676 0.233073 0.442130
20 0.098307 0.775463 0.170573 0.430556
