20 0.037760 0.050926 0.072917 0.097222
20 0.210286 0.083333 0.196615 0.162037
20 0.598958 0.091435 0.143229 0.178241
20 0.787760 0.081019 0.239583 0.157407
20 0.475911 0.150463 0.069010 0.212963
20 0.464193 0.291667 0.089844 0.240741
20 0.717448 0.376157 0.145833 0.368056
20 0.313802 0.481481 0.174479 0.296296
20 0.942057 0.356481 0.110677 0.111111
20 0.961589 0.427083 0.071615 0.113426
20 0.558594 0.508102 0.104167 0.312500
20 0.832682 0.690972 0.329427 0.581019
20 0.024740 0.518519 0.046875 0.171296
20 0.379557 0.737269 0.272135 0.391204
20 0.120443 0.750000 0.123698 0.435185
20 0.610026 0.716435 0.084635 0.145833
20 0.052734 0.947917 0.076823 0.085648
20 0.319661 0.953704 0.061198 0.074074
