20 0.035807 0.052083 0.069010 0.099537
20 0.220703 0.103009 0.173177 0.201389
20 0.598307 0.092593 0.147135 0.180556
20 0.788411 0.078704 0.243490 0.152778
20 0.476562 0.231481 0.151042 0.356481
20 0.929688 0.130787 0.132812 0.192130
20 0.658854 0.453704 0.257812 0.615741
20 0.882161 0.303241 0.123698 0.087963
20 0.327474 0.442130 0.147135 0.268519
20 0.938151 0.401620 0.115885 0.270833
20 0.835286 0.663194 0.321615 0.627315
20 0.023438 0.516204 0.044271 0.180556
20 0.371094 0.758102 0.250000 0.469907
20 0.098307 0.782407 0.170573 0.421296
