28 0.417318 0.078704 0.139323 0.152778
28 0.600260 0.162037 0.164062 0.319444
28 0.787760 0.211806 0.221354 0.418981
28 0.050130 0.141204 0.058594 0.087963
28 0.434896 0.527778 0.236979 0.773148
28 0.979167 0.241898 0.033854 0.150463
28 0.837240 0.437500 0.096354 0.287037
28 0.933594 0.648148 0.125000 0.629630
28 0.630859 0.476852 0.108073 0.194444
28 0.222656 0.731481 0.234375 0.527778
28 0.716146 0.630787 0.057292 0.071759
28 0.830729 0.667824 0.033854 0.108796
28 0.780599 0.783565 0.055990 0.081019
28 0.822917 0.893519 0.093750 0.125000
28 0.677083 0.950231 0.052083 0.090278
