28 0.467448 0.042824 0.075521 0.081019
28 0.575521 0.077546 0.065104 0.150463
28 0.690755 0.128472 0.097656 0.252315
28 0.960286 0.078704 0.071615 0.152778
28 0.295573 0.156250 0.143229 0.201389
28 0.474609 0.265046 0.149740 0.331019
28 0.861328 0.146991 0.063802 0.094907
28 0.615885 0.232639 0.062500 0.178241
28 0.536458 0.234954 0.059896 0.178241
28 0.735677 0.288194 0.085938 0.118056
28 0.984375 0.356481 0.023438 0.152778
28 0.322917 0.373843 0.161458 0.224537
28 0.893229 0.332176 0.098958 0.104167
28 0.611979 0.356481 0.070312 0.064815
28 0.871094 0.361111 0.039062 0.092593
28 0.640625 0.443287 0.080729 0.164352
28 0.720052 0.561343 0.070312 0.247685
28 0.266927 0.577546 0.132812 0.173611
28 0.877604 0.603009 0.085938 0.131944
28 0.518880 0.598380 0.063802 0.094907
28 0.396484 0.622685 0.053385 0.129630
28 0.102214 0.792824 0.201823 0.405093
28 0.819010 0.689815 0.072917 0.148148
28 0.294922 0.789352 0.110677 0.212963
28 0.881510 0.788194 0.104167 0.243056
28 0.348958 0.934028 0.046875 0.122685
28 0.820964 0.942130 0.063802 0.106481
